  2.000000000000000E-003  2.000000000000000E-003 -0.577315790751531     
  2.000000000000000E-003  0.298270416666667      -0.565015211662401     
  2.000000000000000E-003  0.594540833333333      -0.517570062428314     
  2.000000000000000E-003  0.890811250000000      -0.447993422764285     
  2.000000000000000E-003   1.18708166666667      -0.384746097506390     
  2.000000000000000E-003   1.48335208333333      -0.334362840596410     
  2.000000000000000E-003   1.77962250000000      -0.294780283497193     
  2.000000000000000E-003   2.07589291666667      -0.263015813562570     
  2.000000000000000E-003   2.37216333333333      -0.236693758839524     
  2.000000000000000E-003   2.66843375000000      -0.214368757246467     
  2.000000000000000E-003   2.96470416666667      -0.194991094768069     
  2.000000000000000E-003   3.26097458333333      -0.177834792735052     
  2.000000000000000E-003   3.55724500000000      -0.162415750764866     
  2.000000000000000E-003   3.85351541666667      -0.148439818138474     
  2.000000000000000E-003   4.14978583333333      -0.135762922409389     
  2.000000000000000E-003   4.44605625000000      -0.124320182229991     
  2.000000000000000E-003   4.74232666666667      -0.114073999329497     
  2.000000000000000E-003   5.03859708333333      -0.105007878484586     
  2.000000000000000E-003   5.33486750000000      -9.719315383072719E-002
  2.000000000000000E-003   5.63113791666667      -9.064197503314123E-002
  2.000000000000000E-003   5.92740833333333      -8.529579070085583E-002
  2.000000000000000E-003   6.22367875000000      -8.093091679738292E-002
  2.000000000000000E-003   6.51994916666667      -7.683714996530749E-002
  2.000000000000000E-003   6.81621958333333      -7.128690690829231E-002
  2.000000000000000E-003   7.11249000000000      -6.460278125825521E-002
  0.298270416666667       2.000000000000000E-003 -0.705538050178446     
  0.298270416666667       0.298270416666667      -0.618349385850160     
  0.298270416666667       0.594540833333333      -0.547645082398026     
  0.298270416666667       0.890811250000000      -0.480840577258225     
  0.298270416666667        1.18708166666667      -0.416493716552886     
  0.298270416666667        1.48335208333333      -0.362223420767294     
  0.298270416666667        1.77962250000000      -0.318173043700897     
  0.298270416666667        2.07589291666667      -0.282085754420363     
  0.298270416666667        2.37216333333333      -0.251919486102404     
  0.298270416666667        2.66843375000000      -0.226644956439297     
  0.298270416666667        2.96470416666667      -0.204944069643845     
  0.298270416666667        3.26097458333333      -0.185920875817351     
  0.298270416666667        3.55724500000000      -0.169002130204364     
  0.298270416666667        3.85351541666667      -0.153837919076356     
  0.298270416666667        4.14978583333333      -0.140230836859234     
  0.298270416666667        4.44605625000000      -0.128059128046117     
  0.298270416666667        4.74232666666667      -0.117226349824618     
  0.298270416666667        5.03859708333333      -0.107658929819994     
  0.298270416666667        5.33486750000000      -9.938304959139539E-002
  0.298270416666667        5.63113791666667      -9.238112340075431E-002
  0.298270416666667        5.92740833333333      -8.654378751621823E-002
  0.298270416666667        6.22367875000000      -8.155687326082482E-002
  0.298270416666667        6.51994916666667      -7.665420050307993E-002
  0.298270416666667        6.81621958333333      -7.097540158458918E-002
  0.298270416666667        7.11249000000000      -6.599513315637340E-002
  0.594540833333333       2.000000000000000E-003 -0.770493038054533     
  0.594540833333333       0.298270416666667      -0.696470514061974     
  0.594540833333333       0.594540833333333      -0.593426387193383     
  0.594540833333333       0.890811250000000      -0.513508471771543     
  0.594540833333333        1.18708166666667      -0.445335849581537     
  0.594540833333333        1.48335208333333      -0.387297832511139     
  0.594540833333333        1.77962250000000      -0.339050152521298     
  0.594540833333333        2.07589291666667      -0.298906907358117     
  0.594540833333333        2.37216333333333      -0.265354376944344     
  0.594540833333333        2.66843375000000      -0.237434019512805     
  0.594540833333333        2.96470416666667      -0.213630955833297     
  0.594540833333333        3.26097458333333      -0.192940742370992     
  0.594540833333333        3.55724500000000      -0.174701666864498     
  0.594540833333333        3.85351541666667      -0.158492990000756     
  0.594540833333333        4.14978583333333      -0.144055177143293     
  0.594540833333333        4.44605625000000      -0.131213929137701     
  0.594540833333333        4.74232666666667      -0.119826473222514     
  0.594540833333333        5.03859708333333      -0.109762812902812     
  0.594540833333333        5.33486750000000      -0.100989531032636     
  0.594540833333333        5.63113791666667      -9.344468211097434E-002
  0.594540833333333        5.92740833333333      -8.695795246816219E-002
  0.594540833333333        6.22367875000000      -8.118095329890221E-002
  0.594540833333333        6.51994916666667      -7.560743564942160E-002
  0.594540833333333        6.81621958333333      -7.023657802923845E-002
  0.594540833333333        7.11249000000000      -6.572533076182185E-002
  0.890811250000000       2.000000000000000E-003 -0.798987192825549     
  0.890811250000000       0.298270416666667      -0.748389647763018     
  0.890811250000000       0.594540833333333      -0.648468606265924     
  0.890811250000000       0.890811250000000      -0.554028421647763     
  0.890811250000000        1.18708166666667      -0.475250618563320     
  0.890811250000000        1.48335208333333      -0.410296644792172     
  0.890811250000000        1.77962250000000      -0.356836982183081     
  0.890811250000000        2.07589291666667      -0.312635900505535     
  0.890811250000000        2.37216333333333      -0.276346568517346     
  0.890811250000000        2.66843375000000      -0.246223504000735     
  0.890811250000000        2.96470416666667      -0.220704134293470     
  0.890811250000000        3.26097458333333      -0.198702787121803     
  0.890811250000000        3.55724500000000      -0.179447739952281     
  0.890811250000000        3.85351541666667      -0.162416968936897     
  0.890811250000000        4.14978583333333      -0.147283543752722     
  0.890811250000000        4.44605625000000      -0.133841294470143     
  0.890811250000000        4.74232666666667      -0.121931538750328     
  0.890811250000000        5.03859708333333      -0.111402681156343     
  0.890811250000000        5.33486750000000      -0.102143036418284     
  0.890811250000000        5.63113791666667      -9.408644229223340E-002
  0.890811250000000        5.92740833333333      -8.705839531101542E-002
  0.890811250000000        6.22367875000000      -8.080181873913334E-002
  0.890811250000000        6.51994916666667      -7.507088602409494E-002
  0.890811250000000        6.81621958333333      -6.986201129950084E-002
  0.890811250000000        7.11249000000000      -6.516115796557201E-002
   1.18708166666667       2.000000000000000E-003 -0.794714554290048     
   1.18708166666667       0.298270416666667      -0.759270987842847     
   1.18708166666667       0.594540833333333      -0.676031181427637     
   1.18708166666667       0.890811250000000      -0.582656760147918     
   1.18708166666667        1.18708166666667      -0.498557070122052     
   1.18708166666667        1.48335208333333      -0.427924561299021     
   1.18708166666667        1.77962250000000      -0.369882293833622     
   1.18708166666667        2.07589291666667      -0.322669633351117     
   1.18708166666667        2.37216333333333      -0.284359646870585     
   1.18708166666667        2.66843375000000      -0.252625764742914     
   1.18708166666667        2.96470416666667      -0.225939621707905     
   1.18708166666667        3.26097458333333      -0.203135449258435     
   1.18708166666667        3.55724500000000      -0.183283704299021     
   1.18708166666667        3.85351541666667      -0.165712340522190     
   1.18708166666667        4.14978583333333      -0.150027324562314     
   1.18708166666667        4.44605625000000      -0.136038587120292     
   1.18708166666667        4.74232666666667      -0.123627289604492     
   1.18708166666667        5.03859708333333      -0.112659500161417     
   1.18708166666667        5.33486750000000      -0.102980369110524     
   1.18708166666667        5.63113791666667      -9.450227142669629E-002
   1.18708166666667        5.92740833333333      -8.708891933080289E-002
   1.18708166666667        6.22367875000000      -8.055458639444181E-002
   1.18708166666667        6.51994916666667      -7.472200822069559E-002
   1.18708166666667        6.81621958333333      -6.945478530095500E-002
   1.18708166666667        7.11249000000000      -6.456752358263892E-002
   1.48335208333333       2.000000000000000E-003 -0.763644799131459     
   1.48335208333333       0.298270416666667      -0.737811341226300     
   1.48335208333333       0.594540833333333      -0.671236301002016     
   1.48335208333333       0.890811250000000      -0.588594594007947     
   1.48335208333333        1.18708166666667      -0.507269399636559     
   1.48335208333333        1.48335208333333      -0.435705487372434     
   1.48335208333333        1.77962250000000      -0.376236780213857     
   1.48335208333333        2.07589291666667      -0.328271959779242     
   1.48335208333333        2.37216333333333      -0.288948621368856     
   1.48335208333333        2.66843375000000      -0.256403591370856     
   1.48335208333333        2.96470416666667      -0.229276991871081     
   1.48335208333333        3.26097458333333      -0.206324223309730     
   1.48335208333333        3.55724500000000      -0.186391997790790     
   1.48335208333333        3.85351541666667      -0.168585377845291     
   1.48335208333333        4.14978583333333      -0.152449907045168     
   1.48335208333333        4.44605625000000      -0.137902849471243     
   1.48335208333333        4.74232666666667      -0.124979303580643     
   1.48335208333333        5.03859708333333      -0.113594972771646     
   1.48335208333333        5.33486750000000      -0.103582631279085     
   1.48335208333333        5.63113791666667      -9.478026026414051E-002
   1.48335208333333        5.92740833333333      -8.708228007262350E-002
   1.48335208333333        6.22367875000000      -8.034207189850885E-002
   1.48335208333333        6.51994916666667      -7.438035809105109E-002
   1.48335208333333        6.81621958333333      -6.899809474351221E-002
   1.48335208333333        7.11249000000000      -6.399417994134497E-002
   1.77962250000000       2.000000000000000E-003 -0.713651931583901     
   1.77962250000000       0.298270416666667      -0.694601832889385     
   1.77962250000000       0.594540833333333      -0.641894451268095     
   1.77962250000000       0.890811250000000      -0.571896188845175     
   1.77962250000000        1.18708166666667      -0.498772746792873     
   1.77962250000000        1.48335208333333      -0.431944556535285     
   1.77962250000000        1.77962250000000      -0.375883919896477     
   1.77962250000000        2.07589291666667      -0.328997097033972     
   1.77962250000000        2.37216333333333      -0.289926603993009     
   1.77962250000000        2.66843375000000      -0.257559145914060     
   1.77962250000000        2.96470416666667      -0.230798309077927     
   1.77962250000000        3.26097458333333      -0.208383306002555     
   1.77962250000000        3.55724500000000      -0.188869625597148     
   1.77962250000000        3.85351541666667      -0.171094486512056     
   1.77962250000000        4.14978583333333      -0.154573641295622     
   1.77962250000000        4.44605625000000      -0.139453495956099     
   1.77962250000000        4.74232666666667      -0.125980025339028     
   1.77962250000000        5.03859708333333      -0.114220195520009     
   1.77962250000000        5.33486750000000      -0.103942921325766     
   1.77962250000000        5.63113791666667      -9.492803835825123E-002
   1.77962250000000        5.92740833333333      -8.702458529075924E-002
   1.77962250000000        6.22367875000000      -8.011885183387212E-002
   1.77962250000000        6.51994916666667      -7.403366902678661E-002
   1.77962250000000        6.81621958333333      -6.855810687559506E-002
   1.77962250000000        7.11249000000000      -6.349495416201947E-002
   2.07589291666667       2.000000000000000E-003 -0.650434076805010     
   2.07589291666667       0.298270416666667      -0.635075296838495     
   2.07589291666667       0.594540833333333      -0.594283505264270     
   2.07589291666667       0.890811250000000      -0.537211737967800     
   2.07589291666667        1.18708166666667      -0.477116815499555     
   2.07589291666667        1.48335208333333      -0.420217667194894     
   2.07589291666667        1.77962250000000      -0.369163050897437     
   2.07589291666667        2.07589291666667      -0.324931677941980     
   2.07589291666667        2.37216333333333      -0.287442686089575     
   2.07589291666667        2.66843375000000      -0.256177644360619     
   2.07589291666667        2.96470416666667      -0.230543886151954     
   2.07589291666667        3.26097458333333      -0.209431680255728     
   2.07589291666667        3.55724500000000      -0.190947930871496     
   2.07589291666667        3.85351541666667      -0.173371625216770     
   2.07589291666667        4.14978583333333      -0.156365200852599     
   2.07589291666667        4.44605625000000      -0.140610310449818     
   2.07589291666667        4.74232666666667      -0.126630389668620     
   2.07589291666667        5.03859708333333      -0.114509875508106     
   2.07589291666667        5.33486750000000      -0.104063193915896     
   2.07589291666667        5.63113791666667      -9.490745705943009E-002
   2.07589291666667        5.92740833333333      -8.687652684351954E-002
   2.07589291666667        6.22367875000000      -7.985462361133353E-002
   2.07589291666667        6.51994916666667      -7.368031211134461E-002
   2.07589291666667        6.81621958333333      -6.815491350586475E-002
   2.07589291666667        7.11249000000000      -6.307288441124384E-002
   2.37216333333333       2.000000000000000E-003 -0.581034593124732     
   2.37216333333333       0.298270416666667      -0.570388473136002     
   2.37216333333333       0.594540833333333      -0.540955040656216     
   2.37216333333333       0.890811250000000      -0.498821390772656     
   2.37216333333333        1.18708166666667      -0.450685290481605     
   2.37216333333333        1.48335208333333      -0.402028421616947     
   2.37216333333333        1.77962250000000      -0.356713036136647     
   2.37216333333333        2.07589291666667      -0.316500997350807     
   2.37216333333333        2.37216333333333      -0.281708757392098     
   2.37216333333333        2.66843375000000      -0.252378743586823     
   2.37216333333333        2.96470416666667      -0.228518522263363     
   2.37216333333333        3.26097458333333      -0.209527823958613     
   2.37216333333333        3.55724500000000      -0.192826662613250     
   2.37216333333333        3.85351541666667      -0.175483115561789     
   2.37216333333333        4.14978583333333      -0.157697608889474     
   2.37216333333333        4.44605625000000      -0.141287918060299     
   2.37216333333333        4.74232666666667      -0.126960649462761     
   2.37216333333333        5.03859708333333      -0.114597599814573     
   2.37216333333333        5.33486750000000      -0.103955224046211     
   2.37216333333333        5.63113791666667      -9.471690026561801E-002
   2.37216333333333        5.92740833333333      -8.658360514065926E-002
   2.37216333333333        6.22367875000000      -7.948184267494983E-002
   2.37216333333333        6.51994916666667      -7.326971017138618E-002
   2.37216333333333        6.81621958333333      -6.773907097882571E-002
   2.37216333333333        7.11249000000000      -6.268194672317771E-002
   2.66843375000000       2.000000000000000E-003 -0.523015670010512     
   2.66843375000000       0.298270416666667      -0.515057456690020     
   2.66843375000000       0.594540833333333      -0.492510513950294     
   2.66843375000000       0.890811250000000      -0.459009507115806     
   2.66843375000000        1.18708166666667      -0.419294283822579     
   2.66843375000000        1.48335208333333      -0.378153522795901     
   2.66843375000000        1.77962250000000      -0.339356154196901     
   2.66843375000000        2.07589291666667      -0.304332380163339     
   2.66843375000000        2.37216333333333      -0.273481008475942     
   2.66843375000000        2.66843375000000      -0.246881104697700     
   2.66843375000000        2.96470416666667      -0.224945708382358     
   2.66843375000000        3.26097458333333      -0.208466430886174     
   2.66843375000000        3.55724500000000      -0.194467412801804     
   2.66843375000000        3.85351541666667      -0.177050770741431     
   2.66843375000000        4.14978583333333      -0.158180670241791     
   2.66843375000000        4.44605625000000      -0.141490648971996     
   2.66843375000000        4.74232666666667      -0.127105083449006     
   2.66843375000000        5.03859708333333      -0.114576347637624     
   2.66843375000000        5.33486750000000      -0.103718659424284     
   2.66843375000000        5.63113791666667      -9.432938695038222E-002
   2.66843375000000        5.92740833333333      -8.611046787137314E-002
   2.66843375000000        6.22367875000000      -7.895447585806822E-002
   2.66843375000000        6.51994916666667      -7.272995280770297E-002
   2.66843375000000        6.81621958333333      -6.722367833250877E-002
   2.66843375000000        7.11249000000000      -6.221311906216888E-002
   2.96470416666667       2.000000000000000E-003 -0.467405441201073     
   2.96470416666667       0.298270416666667      -0.461107852354683     
   2.96470416666667       0.594540833333333      -0.443131016365190     
   2.96470416666667       0.890811250000000      -0.416088806803578     
   2.96470416666667        1.18708166666667      -0.383699314977119     
   2.96470416666667        1.48335208333333      -0.350165203702159     
   2.96470416666667        1.77962250000000      -0.318402913362856     
   2.96470416666667        2.07589291666667      -0.289546371726043     
   2.96470416666667        2.37216333333333      -0.263935692194571     
   2.96470416666667        2.66843375000000      -0.241218902335248     
   2.96470416666667        2.96470416666667      -0.221051828475636     
   2.96470416666667        3.26097458333333      -0.205630964434929     
   2.96470416666667        3.55724500000000      -0.194869759935791     
   2.96470416666667        3.85351541666667      -0.176801728176762     
   2.96470416666667        4.14978583333333      -0.157725976491343     
   2.96470416666667        4.44605625000000      -0.141725030746458     
   2.96470416666667        4.74232666666667      -0.127304843980887     
   2.96470416666667        5.03859708333333      -0.114410996530451     
   2.96470416666667        5.33486750000000      -0.103227997964527     
   2.96470416666667        5.63113791666667      -9.364242479073549E-002
   2.96470416666667        5.92740833333333      -8.535430397614514E-002
   2.96470416666667        6.22367875000000      -7.819545086290300E-002
   2.96470416666667        6.51994916666667      -7.200861378550669E-002
   2.96470416666667        6.81621958333333      -6.656440310960599E-002
   2.96470416666667        7.11249000000000      -6.162571513195590E-002
   3.26097458333333       2.000000000000000E-003 -0.412255932449913     
   3.26097458333333       0.298270416666667      -0.407294401555877     
   3.26097458333333       0.594540833333333      -0.393159871897658     
   3.26097458333333       0.890811250000000      -0.371885893586167     
   3.26097458333333        1.18708166666667      -0.346435281026578     
   3.26097458333333        1.48335208333333      -0.320268709930938     
   3.26097458333333        1.77962250000000      -0.295554458097506     
   3.26097458333333        2.07589291666667      -0.273096989433200     
   3.26097458333333        2.37216333333333      -0.253368183820606     
   3.26097458333333        2.66843375000000      -0.236032462134697     
   3.26097458333333        2.96470416666667      -0.219403815494113     
   3.26097458333333        3.26097458333333      -0.201742670150743     
   3.26097458333333        3.55724500000000      -0.190497249976836     
   3.26097458333333        3.85351541666667      -0.173830034151461     
   3.26097458333333        4.14978583333333      -0.158152550461408     
   3.26097458333333        4.44605625000000      -0.142412092631445     
   3.26097458333333        4.74232666666667      -0.127127146770290     
   3.26097458333333        5.03859708333333      -0.113590734064949     
   3.26097458333333        5.33486750000000      -0.102100591116192     
   3.26097458333333        5.63113791666667      -9.242922869190809E-002
   3.26097458333333        5.92740833333333      -8.416083127645242E-002
   3.26097458333333        6.22367875000000      -7.709355142369498E-002
   3.26097458333333        6.51994916666667      -7.102169522286754E-002
   3.26097458333333        6.81621958333333      -6.569388558750021E-002
   3.26097458333333        7.11249000000000      -6.086210180934209E-002
   3.55724500000000       2.000000000000000E-003 -0.360425182551459     
   3.55724500000000       0.298270416666667      -0.356646090977630     
   3.55724500000000       0.594540833333333      -0.345935509000237     
   3.55724500000000       0.890811250000000      -0.329853288776558     
   3.55724500000000        1.18708166666667      -0.310651597485106     
   3.55724500000000        1.48335208333333      -0.290996652345084     
   3.55724500000000        1.77962250000000      -0.272289569020409     
   3.55724500000000        2.07589291666667      -0.255226370679148     
   3.55724500000000        2.37216333333333      -0.240177075723840     
   3.55724500000000        2.66843375000000      -0.227002882752541     
   3.55724500000000        2.96470416666667      -0.214455680029227     
   3.55724500000000        3.26097458333333      -0.199005643798692     
   3.55724500000000        3.55724500000000      -0.179985406103758     
   3.55724500000000        3.85351541666667      -0.169534049041794     
   3.55724500000000        4.14978583333333      -0.156128160290078     
   3.55724500000000        4.44605625000000      -0.139914570169449     
   3.55724500000000        4.74232666666667      -0.124475102080860     
   3.55724500000000        5.03859708333333      -0.111079914326690     
   3.55724500000000        5.33486750000000      -9.982553203558840E-002
   3.55724500000000        5.63113791666667      -9.041596941226067E-002
   3.55724500000000        5.92740833333333      -8.239328424160207E-002
   3.55724500000000        6.22367875000000      -7.555930967471693E-002
   3.55724500000000        6.51994916666667      -6.969783544200150E-002
   3.55724500000000        6.81621958333333      -6.454888542661619E-002
   3.55724500000000        7.11249000000000      -5.986421326492431E-002
   3.85351541666667       2.000000000000000E-003 -0.315209300994740     
   3.85351541666667       0.298270416666667      -0.312449244990022     
   3.85351541666667       0.594540833333333      -0.304619011663838     
   3.85351541666667       0.890811250000000      -0.292820841006325     
   3.85351541666667        1.18708166666667      -0.278647728071148     
   3.85351541666667        1.48335208333333      -0.263971541868057     
   3.85351541666667        1.77962250000000      -0.249752550050346     
   3.85351541666667        2.07589291666667      -0.236280820050884     
   3.85351541666667        2.37216333333333      -0.223648266482285     
   3.85351541666667        2.66843375000000      -0.211200939532108     
   3.85351541666667        2.96470416666667      -0.197850947329263     
   3.85351541666667        3.26097458333333      -0.185614061349698     
   3.85351541666667        3.55724500000000      -0.174107205618187     
   3.85351541666667        3.85351541666667      -0.153561910528048     
   3.85351541666667        4.14978583333333      -0.141749080383275     
   3.85351541666667        4.44605625000000      -0.130293771646617     
   3.85351541666667        4.74232666666667      -0.117982167395979     
   3.85351541666667        5.03859708333333      -0.106388914890918     
   3.85351541666667        5.33486750000000      -9.623274729392900E-002
   3.85351541666667        5.63113791666667      -8.754376636399611E-002
   3.85351541666667        5.92740833333333      -8.003214279476542E-002
   3.85351541666667        6.22367875000000      -7.358201118982778E-002
   3.85351541666667        6.51994916666667      -6.802093810618072E-002
   3.85351541666667        6.81621958333333      -6.310592567767309E-002
   3.85351541666667        7.11249000000000      -5.860413946909426E-002
   4.14978583333333       2.000000000000000E-003 -0.278097379715194     
   4.14978583333333       0.298270416666667      -0.276103186633568     
   4.14978583333333       0.594540833333333      -0.270404252133675     
   4.14978583333333       0.890811250000000      -0.261720531053573     
   4.14978583333333        1.18708166666667      -0.251108056058579     
   4.14978583333333        1.48335208333333      -0.239808176745006     
   4.14978583333333        1.77962250000000      -0.228459098233648     
   4.14978583333333        2.07589291666667      -0.217173060116464     
   4.14978583333333        2.37216333333333      -0.205905298320517     
   4.14978583333333        2.66843375000000      -0.194315267621885     
   4.14978583333333        2.96470416666667      -0.182954161871407     
   4.14978583333333        3.26097458333333      -0.174843073676415     
   4.14978583333333        3.55724500000000      -0.164640643980965     
   4.14978583333333        3.85351541666667      -0.144138525326875     
   4.14978583333333        4.14978583333333      -0.129177760884134     
   4.14978583333333        4.44605625000000      -0.119310377288868     
   4.14978583333333        4.74232666666667      -0.109822171836924     
   4.14978583333333        5.03859708333333      -0.100428494008409     
   4.14978583333333        5.33486750000000      -9.175903931582803E-002
   4.14978583333333        5.63113791666667      -8.405675929011931E-002
   4.14978583333333        5.92740833333333      -7.721655299507532E-002
   4.14978583333333        6.22367875000000      -7.124914217604027E-002
   4.14978583333333        6.51994916666667      -6.604708819361975E-002
   4.14978583333333        6.81621958333333      -6.140010208995360E-002
   4.14978583333333        7.11249000000000      -5.710418625957694E-002
   4.44605625000000       2.000000000000000E-003 -0.248310441806964     
   4.44605625000000       0.298270416666667      -0.246801417211032     
   4.44605625000000       0.594540833333333      -0.242454894798521     
   4.44605625000000       0.890811250000000      -0.235747813746556     
   4.44605625000000        1.18708166666667      -0.227378934503283     
   4.44605625000000        1.48335208333333      -0.218143875665685     
   4.44605625000000        1.77962250000000      -0.208596574773588     
   4.44605625000000        2.07589291666667      -0.198789492606684     
   4.44605625000000        2.37216333333333      -0.188847305500923     
   4.44605625000000        2.66843375000000      -0.178996410832886     
   4.44605625000000        2.96470416666667      -0.170025690176925     
   4.44605625000000        3.26097458333333      -0.162347098459678     
   4.44605625000000        3.55724500000000      -0.151876658948236     
   4.44605625000000        3.85351541666667      -0.136094415973010     
   4.44605625000000        4.14978583333333      -0.121709515878566     
   4.44605625000000        4.44605625000000      -0.111274328487121     
   4.44605625000000        4.74232666666667      -0.102597738021348     
   4.44605625000000        5.03859708333333      -9.455882413288182E-002
   4.44605625000000        5.33486750000000      -8.712493322631661E-002
   4.44605625000000        5.63113791666667      -8.034260150778624E-002
   4.44605625000000        5.92740833333333      -7.417234470503328E-002
   4.44605625000000        6.22367875000000      -6.870960290884616E-002
   4.44605625000000        6.51994916666667      -6.388328933490663E-002
   4.44605625000000        6.81621958333333      -5.951451889676924E-002
   4.44605625000000        7.11249000000000      -5.543421405750676E-002
   4.74232666666667       2.000000000000000E-003 -0.223931329930323     
   4.74232666666667       0.298270416666667      -0.222676747315086     
   4.74232666666667       0.594540833333333      -0.219057305577655     
   4.74232666666667       0.890811250000000      -0.213455672272618     
   4.74232666666667        1.18708166666667      -0.206399853417130     
   4.74232666666667        1.48335208333333      -0.198456321320350     
   4.74232666666667        1.77962250000000      -0.190102472862788     
   4.74232666666667        2.07589291666667      -0.181498213998338     
   4.74232666666667        2.37216333333333      -0.172849585242785     
   4.74232666666667        2.66843375000000      -0.164472792939584     
   4.74232666666667        2.96470416666667      -0.156645109128801     
   4.74232666666667        3.26097458333333      -0.148845463810134     
   4.74232666666667        3.55724500000000      -0.139150193724079     
   4.74232666666667        3.85351541666667      -0.127010639722219     
   4.74232666666667        4.14978583333333      -0.115004716988433     
   4.74232666666667        4.44605625000000      -0.105010146678089     
   4.74232666666667        4.74232666666667      -9.670335438081448E-002
   4.74232666666667        5.03859708333333      -8.940076465205445E-002
   4.74232666666667        5.33486750000000      -8.279272271028665E-002
   4.74232666666667        5.63113791666667      -7.668717663161898E-002
   4.74232666666667        5.92740833333333      -7.109454325437839E-002
   4.74232666666667        6.22367875000000      -6.610267073008473E-002
   4.74232666666667        6.51994916666667      -6.163649455857402E-002
   4.74232666666667        6.81621958333333      -5.754342001043365E-002
   4.74232666666667        7.11249000000000      -5.368615355516194E-002
   5.03859708333333       2.000000000000000E-003 -0.203473540796370     
   5.03859708333333       0.298270416666667      -0.202290484981082     
   5.03859708333333       0.594540833333333      -0.198935889697378     
   5.03859708333333       0.890811250000000      -0.193841337050069     
   5.03859708333333        1.18708166666667      -0.187539373825537     
   5.03859708333333        1.48335208333333      -0.180494530716117     
   5.03859708333333        1.77962250000000      -0.173083508056284     
   5.03859708333333        2.07589291666667      -0.165559424944903     
   5.03859708333333        2.37216333333333      -0.158058524368078     
   5.03859708333333        2.66843375000000      -0.150771142391500     
   5.03859708333333        2.96470416666667      -0.143670122338213     
   5.03859708333333        3.26097458333333      -0.136258728709285     
   5.03859708333333        3.55724500000000      -0.127723680303292     
   5.03859708333333        3.85351541666667      -0.117998345857809     
   5.03859708333333        4.14978583333333      -0.108166095423914     
   5.03859708333333        4.44605625000000      -9.928675344415826E-002
   5.03859708333333        4.74232666666667      -9.160284505512496E-002
   5.03859708333333        5.03859708333333      -8.487878142222957E-002
   5.03859708333333        5.33486750000000      -7.880503406500278E-002
   5.03859708333333        5.63113791666667      -7.318405727168256E-002
   5.03859708333333        5.92740833333333      -6.807729199127580E-002
   5.03859708333333        6.22367875000000      -6.349242588372737E-002
   5.03859708333333        6.51994916666667      -5.935612384555840E-002
   5.03859708333333        6.81621958333333      -5.554872833037241E-002
   5.03859708333333        7.11249000000000      -5.193860570686046E-002
   5.33486750000000       2.000000000000000E-003 -0.186140341766361     
   5.33486750000000       0.298270416666667      -0.184951884354793     
   5.33486750000000       0.594540833333333      -0.181593566654788     
   5.33486750000000       0.890811250000000      -0.176664693854161     
   5.33486750000000        1.18708166666667      -0.170784855517987     
   5.33486750000000        1.48335208333333      -0.164428191270312     
   5.33486750000000        1.77962250000000      -0.157871047032127     
   5.33486750000000        2.07589291666667      -0.151284494594600     
   5.33486750000000        2.37216333333333      -0.144769984211076     
   5.33486750000000        2.66843375000000      -0.138353338200308     
   5.33486750000000        2.96470416666667      -0.131927958396627     
   5.33486750000000        3.26097458333333      -0.125170336652411     
   5.33486750000000        3.55724500000000      -0.117732056990905     
   5.33486750000000        3.85351541666667      -0.109658794075794     
   5.33486750000000        4.14978583333333      -0.101477366674483     
   5.33486750000000        4.44605625000000      -9.378859740666445E-002
   5.33486750000000        4.74232666666667      -8.687361258975548E-002
   5.33486750000000        5.03859708333333      -8.067417461598421E-002
   5.33486750000000        5.33486750000000      -7.500758093650145E-002
   5.33486750000000        5.63113791666667      -6.982503615919382E-002
   5.33486750000000        5.92740833333333      -6.510742025602856E-002
   5.33486750000000        6.22367875000000      -6.087237297794394E-002
   5.33486750000000        6.51994916666667      -5.706294234219315E-002
   5.33486750000000        6.81621958333333      -5.355458722105147E-002
   5.33486750000000        7.11249000000000      -5.021318160031239E-002
   5.63113791666667       2.000000000000000E-003 -0.171317647957566     
   5.63113791666667       0.298270416666667      -0.170056534940761     
   5.63113791666667       0.594540833333333      -0.166613083598575     
   5.63113791666667       0.890811250000000      -0.161773617004328     
   5.63113791666667        1.18708166666667      -0.156240460433934     
   5.63113791666667        1.48335208333333      -0.150465842522457     
   5.63113791666667        1.77962250000000      -0.144649752063004     
   5.63113791666667        2.07589291666667      -0.138865728907310     
   5.63113791666667        2.37216333333333      -0.133136445276388     
   5.63113791666667        2.66843375000000      -0.127424861730318     
   5.63113791666667        2.96470416666667      -0.121609141941800     
   5.63113791666667        3.26097458333333      -0.115511605978982     
   5.63113791666667        3.55724500000000      -0.108986314737797     
   5.63113791666667        3.85351541666667      -0.102098312938312     
   5.63113791666667        4.14978583333333      -9.513847126366680E-002
   5.63113791666667        4.44605625000000      -8.846209158474214E-002
   5.63113791666667        4.74232666666667      -8.226011905724674E-002
   5.63113791666667        5.03859708333333      -7.657886838586653E-002
   5.63113791666667        5.33486750000000      -7.137573869136668E-002
   5.63113791666667        5.63113791666667      -6.657988564040133E-002
   5.63113791666667        5.92740833333333      -6.221170509778943E-002
   5.63113791666667        6.22367875000000      -5.829655925658948E-002
   5.63113791666667        6.51994916666667      -5.479583315406428E-002
   5.63113791666667        6.81621958333333      -5.159111375585544E-002
   5.63113791666667        7.11249000000000      -4.852392130671293E-002
   5.92740833333333       2.000000000000000E-003 -0.158537758672352     
   5.92740833333333       0.298270416666667      -0.157159064806226     
   5.92740833333333       0.594540833333333      -0.153585787572754     
   5.92740833333333       0.890811250000000      -0.148842073067133     
   5.92740833333333        1.18708166666667      -0.143672975383460     
   5.92740833333333        1.48335208333333      -0.138436663732374     
   5.92740833333333        1.77962250000000      -0.133244262042146     
   5.92740833333333        2.07589291666667      -0.128088585216604     
   5.92740833333333        2.37216333333333      -0.122954676438286     
   5.92740833333333        2.66843375000000      -0.117799703121872     
   5.92740833333333        2.96470416666667      -0.112529033721815     
   5.92740833333333        3.26097458333333      -0.107030551717752     
   5.92740833333333        3.55724500000000      -0.101246392246058     
   5.92740833333333        3.85351541666667      -9.523867772189067E-002
   5.92740833333333        4.14978583333333      -8.918951625745254E-002
   5.92740833333333        4.44605625000000      -8.332163060542201E-002
   5.92740833333333        4.74232666666667      -7.780125415211672E-002
   5.92740833333333        5.03859708333333      -7.268687690065992E-002
   5.92740833333333        5.33486750000000      -6.792971384682570E-002
   5.92740833333333        5.63113791666667      -6.350496204884926E-002
   5.92740833333333        5.92740833333333      -5.945197357326627E-002
   5.92740833333333        6.22367875000000      -5.580318797372014E-002
   5.92740833333333        6.51994916666667      -5.256652257447031E-002
   5.92740833333333        6.81621958333333      -4.965553631435697E-002
   5.92740833333333        7.11249000000000      -4.685608536865353E-002
   6.22367875000000       2.000000000000000E-003 -0.147273159736795     
   6.22367875000000       0.298270416666667      -0.145692122270359     
   6.22367875000000       0.594540833333333      -0.141995702907636     
   6.22367875000000       0.890811250000000      -0.137460792215121     
   6.22367875000000        1.18708166666667      -0.132670396027477     
   6.22367875000000        1.48335208333333      -0.127882675617355     
   6.22367875000000        1.77962250000000      -0.123170660817719     
   6.22367875000000        2.07589291666667      -0.118492410845598     
   6.22367875000000        2.37216333333333      -0.113813181736014     
   6.22367875000000        2.66843375000000      -0.109113403589525     
   6.22367875000000        2.96470416666667      -0.104333281010677     
   6.22367875000000        3.26097458333333      -9.939837414569556E-002
   6.22367875000000        3.55724500000000      -9.427275914979934E-002
   6.22367875000000        3.85351541666667      -8.900056869353870E-002
   6.22367875000000        4.14978583333333      -8.370646985235815E-002
   6.22367875000000        4.44605625000000      -7.854859985362461E-002
   6.22367875000000        4.74232666666667      -7.365031447335502E-002
   6.22367875000000        5.03859708333333      -6.904880317147105E-002
   6.22367875000000        5.33486750000000      -6.470557474693135E-002
   6.22367875000000        5.63113791666667      -6.063253210878879E-002
   6.22367875000000        5.92740833333333      -5.685529965222873E-002
   6.22367875000000        6.22367875000000      -5.340950967881396E-002
   6.22367875000000        6.51994916666667      -5.036459031361713E-002
   6.22367875000000        6.81621958333333      -4.771312572125318E-002
   6.22367875000000        7.11249000000000      -4.516327446783028E-002
   6.51994916666667       2.000000000000000E-003 -0.137174079374416     
   6.51994916666667       0.298270416666667      -0.135189020335950     
   6.51994916666667       0.594540833333333      -0.131513830382090     
   6.51994916666667       0.890811250000000      -0.127319833830680     
   6.51994916666667        1.18708166666667      -0.122831248858667     
   6.51994916666667        1.48335208333333      -0.118338788510899     
   6.51994916666667        1.77962250000000      -0.113951481983030     
   6.51994916666667        2.07589291666667      -0.109646556822841     
   6.51994916666667        2.37216333333333      -0.105376295408140     
   6.51994916666667        2.66843375000000      -0.101118236526686     
   6.51994916666667        2.96470416666667      -9.683691993996800E-002
   6.51994916666667        3.26097458333333      -9.247006335134519E-002
   6.51994916666667        3.55724500000000      -8.797493781557630E-002
   6.51994916666667        3.85351541666667      -8.336645528421111E-002
   6.51994916666667        4.14978583333333      -7.872508319321522E-002
   6.51994916666667        4.44605625000000      -7.416521885928480E-002
   6.51994916666667        4.74232666666667      -6.978210631459476E-002
   6.51994916666667        5.03859708333333      -6.560829865305390E-002
   6.51994916666667        5.33486750000000      -6.164780144028389E-002
   6.51994916666667        5.63113791666667      -5.792012397887675E-002
   6.51994916666667        5.92740833333333      -5.442219983078615E-002
   6.51994916666667        6.22367875000000      -5.115066479966768E-002
   6.51994916666667        6.51994916666667      -4.818621179984700E-002
   6.51994916666667        6.81621958333333      -4.570561200114992E-002
   6.51994916666667        7.11249000000000      -4.341497107556768E-002
   6.81621958333333       2.000000000000000E-003 -0.128028259070392     
   6.81621958333333       0.298270416666667      -0.125691672137184     
   6.81621958333333       0.594540833333333      -0.122332945826664     
   6.81621958333333       0.890811250000000      -0.118219462914871     
   6.81621958333333        1.18708166666667      -0.113803782077828     
   6.81621958333333        1.48335208333333      -0.109470775022866     
   6.81621958333333        1.77962250000000      -0.105327071441619     
   6.81621958333333        2.07589291666667      -0.101360703619786     
   6.81621958333333        2.37216333333333      -9.751544887680544E-002
   6.81621958333333        2.66843375000000      -9.373353761910784E-002
   6.81621958333333        2.96470416666667      -8.997575089751333E-002
   6.81621958333333        3.26097458333333      -8.617293550625135E-002
   6.81621958333333        3.55724500000000      -8.226237538082135E-002
   6.81621958333333        3.85351541666667      -7.822886334293314E-002
   6.81621958333333        4.14978583333333      -7.412217197263278E-002
   6.81621958333333        4.44605625000000      -7.003369145367648E-002
   6.81621958333333        4.74232666666667      -6.605272265423504E-002
   6.81621958333333        5.03859708333333      -6.223489363053910E-002
   6.81621958333333        5.33486750000000      -5.862638698598341E-002
   6.81621958333333        5.63113791666667      -5.525436819862687E-002
   6.81621958333333        5.92740833333333      -5.209865684173674E-002
   6.81621958333333        6.22367875000000      -4.909360959833625E-002
   6.81621958333333        6.51994916666667      -4.620591410755034E-002
   6.81621958333333        6.81621958333333      -4.362745953875416E-002
   6.81621958333333        7.11249000000000      -4.155564918936441E-002
   7.11249000000000       2.000000000000000E-003 -0.116610918765793     
   7.11249000000000       0.298270416666667      -0.116671329548946     
   7.11249000000000       0.594540833333333      -0.113573102917685     
   7.11249000000000       0.890811250000000      -0.109412915047124     
   7.11249000000000        1.18708166666667      -0.105166970050364     
   7.11249000000000        1.48335208333333      -0.101084561552466     
   7.11249000000000        1.77962250000000      -9.724347537834357E-002
   7.11249000000000        2.07589291666667      -9.364904740722152E-002
   7.11249000000000        2.37216333333333      -9.025997229145326E-002
   7.11249000000000        2.66843375000000      -8.696640203556848E-002
   7.11249000000000        2.96470416666667      -8.371087875135075E-002
   7.11249000000000        3.26097458333333      -8.041099198722339E-002
   7.11249000000000        3.55724500000000      -7.698744442056032E-002
   7.11249000000000        3.85351541666667      -7.340746157907305E-002
   7.11249000000000        4.14978583333333      -6.970819168638807E-002
   7.11249000000000        4.44605625000000      -6.597696748090325E-002
   7.11249000000000        4.74232666666667      -6.231204170067441E-002
   7.11249000000000        5.03859708333333      -5.879705548327740E-002
   7.11249000000000        5.33486750000000      -5.550979172988063E-002
   7.11249000000000        5.63113791666667      -5.248273815055420E-002
   7.11249000000000        5.92740833333333      -4.970150153175702E-002
   7.11249000000000        6.22367875000000      -4.710788018897018E-002
   7.11249000000000        6.51994916666667      -4.463736708840811E-002
   7.11249000000000        6.81621958333333      -4.215282683174976E-002
   7.11249000000000        7.11249000000000      -3.922735458994155E-002
