  2.000000000000000E-003  2.000000000000000E-003 -0.213170190591019     
  2.000000000000000E-003  0.298270416666667      -0.213600723034053     
  2.000000000000000E-003  0.594540833333333      -0.205988515833991     
  2.000000000000000E-003  0.890811250000000      -0.195087679717046     
  2.000000000000000E-003   1.18708166666667      -0.183671230948095     
  2.000000000000000E-003   1.48335208333333      -0.172670451082484     
  2.000000000000000E-003   1.77962250000000      -0.162415701789443     
  2.000000000000000E-003   2.07589291666667      -0.152943609556481     
  2.000000000000000E-003   2.37216333333333      -0.144170707436812     
  2.000000000000000E-003   2.66843375000000      -0.136047704660908     
  2.000000000000000E-003   2.96470416666667      -0.128404848027988     
  2.000000000000000E-003   3.26097458333333      -0.121088309438015     
  2.000000000000000E-003   3.55724500000000      -0.113972999041202     
  2.000000000000000E-003   3.85351541666667      -0.106994867189102     
  2.000000000000000E-003   4.14978583333333      -0.100182028423573     
  2.000000000000000E-003   4.44605625000000      -9.363828020672370E-002
  2.000000000000000E-003   4.74232666666667      -8.749983864478537E-002
  2.000000000000000E-003   5.03859708333333      -8.189233005661696E-002
  2.000000000000000E-003   5.33486750000000      -7.691264154469638E-002
  2.000000000000000E-003   5.63113791666667      -7.260016638001733E-002
  2.000000000000000E-003   5.92740833333333      -6.894209175785822E-002
  2.000000000000000E-003   6.22367875000000      -6.582439430828294E-002
  2.000000000000000E-003   6.51994916666667      -6.289866928121791E-002
  2.000000000000000E-003   6.81621958333333      -5.924930233830345E-002
  2.000000000000000E-003   7.11249000000000      -5.458911560591489E-002
  0.298270416666667       2.000000000000000E-003 -0.237481298599063     
  0.298270416666667       0.298270416666667      -0.231421452106063     
  0.298270416666667       0.594540833333333      -0.222671635657840     
  0.298270416666667       0.890811250000000      -0.212013136258626     
  0.298270416666667        1.18708166666667      -0.200057031227382     
  0.298270416666667        1.48335208333333      -0.188010780595108     
  0.298270416666667        1.77962250000000      -0.176507218815094     
  0.298270416666667        2.07589291666667      -0.165714006612879     
  0.298270416666667        2.37216333333333      -0.155634796408568     
  0.298270416666667        2.66843375000000      -0.146300307955380     
  0.298270416666667        2.96470416666667      -0.137525391993414     
  0.298270416666667        3.26097458333333      -0.129158329705108     
  0.298270416666667        3.55724500000000      -0.121089097936306     
  0.298270416666667        3.85351541666667      -0.113266633069295     
  0.298270416666667        4.14978583333333      -0.105715853420246     
  0.298270416666667        4.44605625000000      -9.852346427361688E-002
  0.298270416666667        4.74232666666667      -9.180527927838217E-002
  0.298270416666667        5.03859708333333      -8.567254682488377E-002
  0.298270416666667        5.33486750000000      -8.020191522189224E-002
  0.298270416666667        5.63113791666667      -7.542284297961377E-002
  0.298270416666667        5.92740833333333      -7.130649344385569E-002
  0.298270416666667        6.22367875000000      -6.770651639287939E-002
  0.298270416666667        6.51994916666667      -6.422683980655228E-002
  0.298270416666667        6.81621958333333      -6.021974956553928E-002
  0.298270416666667        7.11249000000000      -5.645202754684258E-002
  0.594540833333333       2.000000000000000E-003 -0.257275148245385     
  0.594540833333333       0.298270416666667      -0.251133123846059     
  0.594540833333333       0.594540833333333      -0.240509350852127     
  0.594540833333333       0.890811250000000      -0.229100438409650     
  0.594540833333333        1.18708166666667      -0.216592150700346     
  0.594540833333333        1.48335208333333      -0.203647531534989     
  0.594540833333333        1.77962250000000      -0.190983981877755     
  0.594540833333333        2.07589291666667      -0.178921182256752     
  0.594540833333333        2.37216333333333      -0.167581956516922     
  0.594540833333333        2.66843375000000      -0.157006836930977     
  0.594540833333333        2.96470416666667      -0.147032086526021     
  0.594540833333333        3.26097458333333      -0.137527054086279     
  0.594540833333333        3.55724500000000      -0.128407120329507     
  0.594540833333333        3.85351541666667      -0.119646162945556     
  0.594540833333333        4.14978583333333      -0.111276018171418     
  0.594540833333333        4.44605625000000      -0.103368504865183     
  0.594540833333333        4.74232666666667      -9.601169132517080E-002
  0.594540833333333        5.03859708333333      -8.928566737343700E-002
  0.594540833333333        5.33486750000000      -8.324650943230671E-002
  0.594540833333333        5.63113791666667      -7.789747514605995E-002
  0.594540833333333        5.92740833333333      -7.319028780194073E-002
  0.594540833333333        6.22367875000000      -6.895845616745824E-002
  0.594540833333333        6.51994916666667      -6.487357070750027E-002
  0.594540833333333        6.81621958333333      -6.074096123727452E-002
  0.594540833333333        7.11249000000000      -5.714515294021158E-002
  0.890811250000000       2.000000000000000E-003 -0.277543955994084     
  0.890811250000000       0.298270416666667      -0.272731516030885     
  0.890811250000000       0.594540833333333      -0.261878567940256     
  0.890811250000000       0.890811250000000      -0.248866720907270     
  0.890811250000000        1.18708166666667      -0.234829365201051     
  0.890811250000000        1.48335208333333      -0.220420672617848     
  0.890811250000000        1.77962250000000      -0.206278808345642     
  0.890811250000000        2.07589291666667      -0.192788775591337     
  0.890811250000000        2.37216333333333      -0.180122048093705     
  0.890811250000000        2.66843375000000      -0.168240645745118     
  0.890811250000000        2.96470416666667      -0.157010707007574     
  0.890811250000000        3.26097458333333      -0.146305442048217     
  0.890811250000000        3.55724500000000      -0.136052738103438     
  0.890811250000000        3.85351541666667      -0.126255935703500     
  0.890811250000000        4.14978583333333      -0.116972001334675     
  0.890811250000000        4.44605625000000      -0.108270472685149     
  0.890811250000000        4.74232666666667      -0.100209591053380     
  0.890811250000000        5.03859708333333      -9.283274047366061E-002
  0.890811250000000        5.33486750000000      -8.616537919286085E-002
  0.890811250000000        5.63113791666667      -8.020297255445485E-002
  0.890811250000000        5.92740833333333      -7.490115441724975E-002
  0.890811250000000        6.22367875000000      -7.013028533315355E-002
  0.890811250000000        6.51994916666667      -6.569874953271898E-002
  0.890811250000000        6.81621958333333      -6.153587635996755E-002
  0.890811250000000        7.11249000000000      -5.777390666977677E-002
   1.18708166666667       2.000000000000000E-003 -0.301139393689354     
   1.18708166666667       0.298270416666667      -0.296962048816153     
   1.18708166666667       0.594540833333333      -0.286172730184622     
   1.18708166666667       0.890811250000000      -0.271726870020803     
   1.18708166666667        1.18708166666667      -0.255625813689829     
   1.18708166666667        1.48335208333333      -0.239075239308977     
   1.18708166666667        1.77962250000000      -0.222932026108328     
   1.18708166666667        2.07589291666667      -0.207689416576432     
   1.18708166666667        2.37216333333333      -0.193442402549907     
   1.18708166666667        2.66843375000000      -0.180129471883240     
   1.18708166666667        2.96470416666667      -0.167593062041196     
   1.18708166666667        3.26097458333333      -0.155646182937896     
   1.18708166666667        3.55724500000000      -0.144180222371603     
   1.18708166666667        3.85351541666667      -0.133227601134934     
   1.18708166666667        4.14978583333333      -0.122908480449518     
   1.18708166666667        4.44605625000000      -0.113319156142800     
   1.18708166666667        4.74232666666667      -0.104487621678821     
   1.18708166666667        5.03859708333333      -9.640932051483642E-002
   1.18708166666667        5.33486750000000      -8.907922929091243E-002
   1.18708166666667        5.63113791666667      -8.250004477753622E-002
   1.18708166666667        5.92740833333333      -7.664836703031896E-002
   1.18708166666667        6.22367875000000      -7.144092786511136E-002
   1.18708166666667        6.51994916666667      -6.674137894071351E-002
   1.18708166666667        6.81621958333333      -6.243170057332486E-002
   1.18708166666667        7.11249000000000      -5.842608070236056E-002
   1.48335208333333       2.000000000000000E-003 -0.328820723189917     
   1.48335208333333       0.298270416666667      -0.324764285542955     
   1.48335208333333       0.594540833333333      -0.313575121969491     
   1.48335208333333       0.890811250000000      -0.297641854117255     
   1.48335208333333        1.18708166666667      -0.279157683704367     
   1.48335208333333        1.48335208333333      -0.259946327845026     
   1.48335208333333        1.77962250000000      -0.241324697666981     
   1.48335208333333        2.07589291666667      -0.223862490025019     
   1.48335208333333        2.37216333333333      -0.207700617483618     
   1.48335208333333        2.66843375000000      -0.192808025426945     
   1.48335208333333        2.96470416666667      -0.178943792600339     
   1.48335208333333        3.26097458333333      -0.165734854229741     
   1.48335208333333        3.55724500000000      -0.152959380154966     
   1.48335208333333        3.85351541666667      -0.140672191072545     
   1.48335208333333        4.14978583333333      -0.129125991883291     
   1.48335208333333        4.44605625000000      -0.118534939931330     
   1.48335208333333        4.74232666666667      -0.108876188242575     
   1.48335208333333        5.03859708333333      -0.100060762545196     
   1.48335208333333        5.33486750000000      -9.205118455776085E-002
   1.48335208333333        5.63113791666667      -8.485460164729830E-002
   1.48335208333333        5.92740833333333      -7.847704250068190E-002
   1.48335208333333        6.22367875000000      -7.286816065778164E-002
   1.48335208333333        6.51994916666667      -6.788779034084537E-002
   1.48335208333333        6.81621958333333      -6.335099074488688E-002
   1.48335208333333        7.11249000000000      -5.909374044812100E-002
   1.77962250000000       2.000000000000000E-003 -0.360425182551460     
   1.77962250000000       0.298270416666667      -0.356227605679617     
   1.77962250000000       0.594540833333333      -0.344124121388170     
   1.77962250000000       0.890811250000000      -0.326285970025100     
   1.77962250000000        1.18708166666667      -0.305140694640903     
   1.77962250000000        1.48335208333333      -0.282983337767333     
   1.77962250000000        1.77962250000000      -0.261474507999404     
   1.77962250000000        2.07589291666667      -0.241339039641771     
   1.77962250000000        2.37216333333333      -0.222958365475803     
   1.77962250000000        2.66843375000000      -0.206312839924626     
   1.77962250000000        2.96470416666667      -0.191020095428803     
   1.77962250000000        3.26097458333333      -0.176539091699347     
   1.77962250000000        3.55724500000000      -0.162439501119530     
   1.77962250000000        3.85351541666667      -0.148734801726145     
   1.77962250000000        4.14978583333333      -0.135787417025173     
   1.77962250000000        4.44605625000000      -0.123960218684028     
   1.77962250000000        4.74232666666667      -0.113336635713891     
   1.77962250000000        5.03859708333333      -0.103762842608371     
   1.77962250000000        5.33486750000000      -9.505496593977454E-002
   1.77962250000000        5.63113791666667      -8.723701954835773E-002
   1.77962250000000        5.92740833333333      -8.034313705195434E-002
   1.77962250000000        6.22367875000000      -7.433891574308574E-002
   1.77962250000000        6.51994916666667      -6.906484501382933E-002
   1.77962250000000        6.81621958333333      -6.428976306121134E-002
   1.77962250000000        7.11249000000000      -5.980716848013483E-002
   2.07589291666667       2.000000000000000E-003 -0.394990129437878     
   2.07589291666667       0.298270416666667      -0.390236021194451     
   2.07589291666667       0.594540833333333      -0.376968050534785     
   2.07589291666667       0.890811250000000      -0.356916840472880     
   2.07589291666667        1.18708166666667      -0.333078980977888     
   2.07589291666667        1.48335208333333      -0.307789403095201     
   2.07589291666667        1.77962250000000      -0.283000540626790     
   2.07589291666667        2.07589291666667      -0.259979880444765     
   2.07589291666667        2.37216333333333      -0.239119108992659     
   2.07589291666667        2.66843375000000      -0.220471656675766     
   2.07589291666667        2.96470416666667      -0.203700959413867     
   2.07589291666667        3.26097458333333      -0.188057930786601     
   2.07589291666667        3.55724500000000      -0.172706064610672     
   2.07589291666667        3.85351541666667      -0.157468643981014     
   2.07589291666667        4.14978583333333      -0.142942794220243     
   2.07589291666667        4.44605625000000      -0.129728333918162     
   2.07589291666667        4.74232666666667      -0.117948165945305     
   2.07589291666667        5.03859708333333      -0.107447804002352     
   2.07589291666667        5.33486750000000      -9.801615587434917E-002
   2.07589291666667        5.63113791666667      -8.956825965408897E-002
   2.07589291666667        5.92740833333333      -8.216127045933037E-002
   2.07589291666667        6.22367875000000      -7.576878622989558E-002
   2.07589291666667        6.51994916666667      -7.021375604804697E-002
   2.07589291666667        6.81621958333333      -6.522829601488074E-002
   2.07589291666667        7.11249000000000      -6.056183848061937E-002
   2.37216333333333       2.000000000000000E-003 -0.431177722132076     
   2.37216333333333       0.298270416666667      -0.426085837512521     
   2.37216333333333       0.594540833333333      -0.411454796118648     
   2.37216333333333       0.890811250000000      -0.389189541260296     
   2.37216333333333        1.18708166666667      -0.362032850922451     
   2.37216333333333        1.48335208333333      -0.333095168341236     
   2.37216333333333        1.77962250000000      -0.305175517495592     
   2.37216333333333        2.07589291666667      -0.279211398968157     
   2.37216333333333        2.37216333333333      -0.255687097167217     
   2.37216333333333        2.66843375000000      -0.234896865001201     
   2.37216333333333        2.96470416666667      -0.216662627786137     
   2.37216333333333        3.26097458333333      -0.200124989395400     
   2.37216333333333        3.55724500000000      -0.183720120400965     
   2.37216333333333        3.85351541666667      -0.166786908820160     
   2.37216333333333        4.14978583333333      -0.150457167627612     
   2.37216333333333        4.44605625000000      -0.135739436218809     
   2.37216333333333        4.74232666666667      -0.122658790781727     
   2.37216333333333        5.03859708333333      -0.111039880615562     
   2.37216333333333        5.33486750000000      -0.100789731292713     
   2.37216333333333        5.63113791666667      -9.174589636069910E-002
   2.37216333333333        5.92740833333333      -8.384746228327478E-002
   2.37216333333333        6.22367875000000      -7.708038653986737E-002
   2.37216333333333        6.51994916666667      -7.127065131695894E-002
   2.37216333333333        6.81621958333333      -6.611232714642470E-002
   2.37216333333333        7.11249000000000      -6.131635404217989E-002
   2.66843375000000       2.000000000000000E-003 -0.468027868525853     
   2.66843375000000       0.298270416666667      -0.462255256887927     
   2.66843375000000       0.594540833333333      -0.445572933837381     
   2.66843375000000       0.890811250000000      -0.420106433967482     
   2.66843375000000        1.18708166666667      -0.389199615220626     
   2.66843375000000        1.48335208333333      -0.356952857373375     
   2.66843375000000        1.77962250000000      -0.326347530337108     
   2.66843375000000        2.07589291666667      -0.297717140484122     
   2.66843375000000        2.37216333333333      -0.271806335852071     
   2.66843375000000        2.66843375000000      -0.248948600706339     
   2.66843375000000        2.96470416666667      -0.229186389863123     
   2.66843375000000        3.26097458333333      -0.212100646193943     
   2.66843375000000        3.55724500000000      -0.195149045160176     
   2.66843375000000        3.85351541666667      -0.176312830052911     
   2.66843375000000        4.14978583333333      -0.158116695549400     
   2.66843375000000        4.44605625000000      -0.141951170020097     
   2.66843375000000        4.74232666666667      -0.127399612850471     
   2.66843375000000        5.03859708333333      -0.114424735112288     
   2.66843375000000        5.33486750000000      -0.103195350410908     
   2.66843375000000        5.63113791666667      -9.361227208119885E-002
   2.66843375000000        5.92740833333333      -8.532059944056811E-002
   2.66843375000000        6.22367875000000      -7.823076884044809E-002
   2.66843375000000        6.51994916666667      -7.219203076977976E-002
   2.66843375000000        6.81621958333333      -6.688893931654802E-002
   2.66843375000000        7.11249000000000      -6.199678153567560E-002
   2.96470416666667       2.000000000000000E-003 -0.499414659599154     
   2.96470416666667       0.298270416666667      -0.492879089428201     
   2.96470416666667       0.594540833333333      -0.474074724657522     
   2.96470416666667       0.890811250000000      -0.445581436490640     
   2.96470416666667        1.18708166666667      -0.411475803995403     
   2.96470416666667        1.48335208333333      -0.377033672507444     
   2.96470416666667        1.77962250000000      -0.344187503239664     
   2.96470416666667        2.07589291666667      -0.313663669942670     
   2.96470416666667        2.37216333333333      -0.286267045812218     
   2.96470416666667        2.66843375000000      -0.261978116167405     
   2.96470416666667        2.96470416666667      -0.240604472597753     
   2.96470416666667        3.26097458333333      -0.222771397785855     
   2.96470416666667        3.55724500000000      -0.206059945551271     
   2.96470416666667        3.85351541666667      -0.185334615411550     
   2.96470416666667        4.14978583333333      -0.166034404439039     
   2.96470416666667        4.44605625000000      -0.148542518913475     
   2.96470416666667        4.74232666666667      -0.132087197660242     
   2.96470416666667        5.03859708333333      -0.117441891873843     
   2.96470416666667        5.33486750000000      -0.105108608078545     
   2.96470416666667        5.63113791666667      -9.498960593875759E-002
   2.96470416666667        5.92740833333333      -8.646754293562529E-002
   2.96470416666667        6.22367875000000      -7.914921683486791E-002
   2.96470416666667        6.51994916666667      -7.293458002425841E-002
   2.96470416666667        6.81621958333333      -6.751793880764764E-002
   2.96470416666667        7.11249000000000      -6.255355047746418E-002
   3.26097458333333       2.000000000000000E-003 -0.520498205342852     
   3.26097458333333       0.298270416666667      -0.513324956940271     
   3.26097458333333       0.594540833333333      -0.492899526647397     
   3.26097458333333       0.890811250000000      -0.462280425788609     
   3.26097458333333        1.18708166666667      -0.426120983990670     
   3.26097458333333        1.48335208333333      -0.390301795970499     
   3.26097458333333        1.77962250000000      -0.356289456888829     
   3.26097458333333        2.07589291666667      -0.324843174439887     
   3.26097458333333        2.37216333333333      -0.297063829373505     
   3.26097458333333        2.66843375000000      -0.272841562253061     
   3.26097458333333        2.96470416666667      -0.251243363616490     
   3.26097458333333        3.26097458333333      -0.231521074485671     
   3.26097458333333        3.55724500000000      -0.213647918900519     
   3.26097458333333        3.85351541666667      -0.193643374172418     
   3.26097458333333        4.14978583333333      -0.175093113460736     
   3.26097458333333        4.44605625000000      -0.155192391798026     
   3.26097458333333        4.74232666666667      -0.136107875094711     
   3.26097458333333        5.03859708333333      -0.119700271036829     
   3.26097458333333        5.33486750000000      -0.106379560971345     
   3.26097458333333        5.63113791666667      -9.582422674051314E-002
   3.26097458333333        5.92740833333333      -8.718984567829521E-002
   3.26097458333333        6.22367875000000      -7.974812534387404E-002
   3.26097458333333        6.51994916666667      -7.342570036868151E-002
   3.26097458333333        6.81621958333333      -6.793591371755985E-002
   3.26097458333333        7.11249000000000      -6.292470601673696E-002
   3.55724500000000       2.000000000000000E-003 -0.527997415368850     
   3.55724500000000       0.298270416666667      -0.520543657461487     
   3.55724500000000       0.594540833333333      -0.499474265791019     
   3.55724500000000       0.890811250000000      -0.468080406778215     
   3.55724500000000        1.18708166666667      -0.431226800619825     
   3.55724500000000        1.48335208333333      -0.395061078115145     
   3.55724500000000        1.77962250000000      -0.360480948842496     
   3.55724500000000        2.07589291666667      -0.328886216115551     
   3.55724500000000        2.37216333333333      -0.301208608697817     
   3.55724500000000        2.66843375000000      -0.277615581376337     
   3.55724500000000        2.96470416666667      -0.257349287158988     
   3.55724500000000        3.26097458333333      -0.237520591968395     
   3.55724500000000        3.55724500000000      -0.213204417513363     
   3.55724500000000        3.85351541666667      -0.199530175939332     
   3.55724500000000        4.14978583333333      -0.180960525329269     
   3.55724500000000        4.44605625000000      -0.158536320261323     
   3.55724500000000        4.74232666666667      -0.137829544445324     
   3.55724500000000        5.03859708333333      -0.120579192479273     
   3.55724500000000        5.33486750000000      -0.106846817793492     
   3.55724500000000        5.63113791666667      -9.610558738219085E-002
   3.55724500000000        5.92740833333333      -8.743851329322368E-002
   3.55724500000000        6.22367875000000      -7.996037250605803E-002
   3.55724500000000        6.51994916666667      -7.360214142303501E-002
   3.55724500000000        6.81621958333333      -6.808689207040952E-002
   3.55724500000000        7.11249000000000      -6.305896734947727E-002
   3.85351541666667       2.000000000000000E-003 -0.520500156971199     
   3.85351541666667       0.298270416666667      -0.513322605109839     
   3.85351541666667       0.594540833333333      -0.492893438308613     
   3.85351541666667       0.890811250000000      -0.462271313081341     
   3.85351541666667        1.18708166666667      -0.426109575255699     
   3.85351541666667        1.48335208333333      -0.390287901508271     
   3.85351541666667        1.77962250000000      -0.356272215733455     
   3.85351541666667        2.07589291666667      -0.324820449681613     
   3.85351541666667        2.37216333333333      -0.297030913985734     
   3.85351541666667        2.66843375000000      -0.272790001444677     
   3.85351541666667        2.96470416666667      -0.251165083835151     
   3.85351541666667        3.26097458333333      -0.231438417981483     
   3.85351541666667        3.55724500000000      -0.213632341597823     
   3.85351541666667        3.85351541666667      -0.193711932287298     
   3.85351541666667        4.14978583333333      -0.175176725883772     
   3.85351541666667        4.44605625000000      -0.155247586532619     
   3.85351541666667        4.74232666666667      -0.136140083893095     
   3.85351541666667        5.03859708333333      -0.119720338412952     
   3.85351541666667        5.33486750000000      -0.106394278313328     
   3.85351541666667        5.63113791666667      -9.583724660850200E-002
   3.85351541666667        5.92740833333333      -8.720284950650115E-002
   3.85351541666667        6.22367875000000      -7.976143079608415E-002
   3.85351541666667        6.51994916666667      -7.343924717773238E-002
   3.85351541666667        6.81621958333333      -6.794937763850091E-002
   3.85351541666667        7.11249000000000      -6.293760269390541E-002
   4.14978583333333       2.000000000000000E-003 -0.499418095609620     
   4.14978583333333       0.298270416666667      -0.492874627767152     
   4.14978583333333       0.594540833333333      -0.474063248027453     
   4.14978583333333       0.890811250000000      -0.445564475163033     
   4.14978583333333        1.18708166666667      -0.411454761710125     
   4.14978583333333        1.48335208333333      -0.377008638130964     
   4.14978583333333        1.77962250000000      -0.344157498725550     
   4.14978583333333        2.07589291666667      -0.313626353846065     
   4.14978583333333        2.37216333333333      -0.286217806005609     
   4.14978583333333        2.66843375000000      -0.261910990186845     
   4.14978583333333        2.96470416666667      -0.240519337169361     
   4.14978583333333        3.26097458333333      -0.222692040746645     
   4.14978583333333        3.55724500000000      -0.206033717193979     
   4.14978583333333        3.85351541666667      -0.185384834270412     
   4.14978583333333        4.14978583333333      -0.166117585678392     
   4.14978583333333        4.44605625000000      -0.148612640477994     
   4.14978583333333        4.74232666666667      -0.132136160019646     
   4.14978583333333        5.03859708333333      -0.117476546286710     
   4.14978583333333        5.33486750000000      -0.105136139933203     
   4.14978583333333        5.63113791666667      -9.501483426371483E-002
   4.14978583333333        5.92740833333333      -8.649282551119324E-002
   4.14978583333333        6.22367875000000      -7.917503708562022E-002
   4.14978583333333        6.51994916666667      -7.296082756222330E-002
   4.14978583333333        6.81621958333333      -6.754397718901703E-002
   4.14978583333333        7.11249000000000      -6.257843805417784E-002
   4.44605625000000       2.000000000000000E-003 -0.468032270975158     
   4.44605625000000       0.298270416666667      -0.462248958747537     
   4.44605625000000       0.594540833333333      -0.445557228446018     
   4.44605625000000       0.890811250000000      -0.420083507467066     
   4.44605625000000        1.18708166666667      -0.389171654550953     
   4.44605625000000        1.48335208333333      -0.356920884603340     
   4.44605625000000        1.77962250000000      -0.326310931541681     
   4.44605625000000        2.07589291666667      -0.297674970733182     
   4.44605625000000        2.37216333333333      -0.271757086112059     
   4.44605625000000        2.66843375000000      -0.248891801504523     
   4.44605625000000        2.96470416666667      -0.229127023026716     
   4.44605625000000        3.26097458333333      -0.212054356580691     
   4.44605625000000        3.55724500000000      -0.195138113632323     
   4.44605625000000        3.85351541666667      -0.176347600785097     
   4.44605625000000        4.14978583333333      -0.158179083789000     
   4.44605625000000        4.44605625000000      -0.142014828891374     
   4.44605625000000        4.74232666666667      -0.127453075352346     
   4.44605625000000        5.03859708333333      -0.114468380556650     
   4.44605625000000        5.33486750000000      -0.103233282018870     
   4.44605625000000        5.63113791666667      -9.364841309814008E-002
   4.44605625000000        5.92740833333333      -8.535685246146507E-002
   4.44605625000000        6.22367875000000      -7.826774654080186E-002
   4.44605625000000        6.51994916666667      -7.222955830116923E-002
   4.44605625000000        6.81621958333333      -6.692607903247601E-002
   4.44605625000000        7.11249000000000      -6.203213650478685E-002
   4.74232666666667       2.000000000000000E-003 -0.431182381411054     
   4.74232666666667       0.298270416666667      -0.426077748076027     
   4.74232666666667       0.594540833333333      -0.411435715001763     
   4.74232666666667       0.890811250000000      -0.389162443116273     
   4.74232666666667        1.18708166666667      -0.362000651779310     
   4.74232666666667        1.48335208333333      -0.333059883240039     
   4.74232666666667        1.77962250000000      -0.305137514852685     
   4.74232666666667        2.07589291666667      -0.279171013569738     
   4.74232666666667        2.37216333333333      -0.255645317596060     
   4.74232666666667        2.66843375000000      -0.234856210328204     
   4.74232666666667        2.96470416666667      -0.216628661342871     
   4.74232666666667        3.26097458333333      -0.200106584825708     
   4.74232666666667        3.55724500000000      -0.183726290808890     
   4.74232666666667        3.85351541666667      -0.166820195954956     
   4.74232666666667        4.14978583333333      -0.150509159404911     
   4.74232666666667        4.44605625000000      -0.135797034365352     
   4.74232666666667        4.74232666666667      -0.122713523184208     
   4.74232666666667        5.03859708333333      -0.111089658139614     
   4.74232666666667        5.33486750000000      -0.100836094256276     
   4.74232666666667        5.63113791666667      -9.179118021693423E-002
   4.74232666666667        5.92740833333333      -8.389302220360716E-002
   4.74232666666667        6.22367875000000      -7.712687763188274E-002
   4.74232666666667        6.51994916666667      -7.131783382823205E-002
   4.74232666666667        6.81621958333333      -6.615895188185594E-002
   4.74232666666667        7.11249000000000      -6.136047108913912E-002
   5.03859708333333       2.000000000000000E-003 -0.394994475300453     
   5.03859708333333       0.298270416666667      -0.390225393550325     
   5.03859708333333       0.594540833333333      -0.376945196482881     
   5.03859708333333       0.890811250000000      -0.356886122558132     
   5.03859708333333        1.18708166666667      -0.333044191771658     
   5.03859708333333        1.48335208333333      -0.307753172609569     
   5.03859708333333        1.77962250000000      -0.282964230446516     
   5.03859708333333        2.07589291666667      -0.259944240492058     
   5.03859708333333        2.37216333333333      -0.239086064160072     
   5.03859708333333        2.66843375000000      -0.220444453620381     
   5.03859708333333        2.96470416666667      -0.203684148429201     
   5.03859708333333        3.26097458333333      -0.188056484262810     
   5.03859708333333        3.55724500000000      -0.172723468306042     
   5.03859708333333        3.85351541666667      -0.157504577817311     
   5.03859708333333        4.14978583333333      -0.142992246964707     
   5.03859708333333        4.44605625000000      -0.129784133385165     
   5.03859708333333        4.74232666666667      -0.118004636733246     
   5.03859708333333        5.03859708333333      -0.107502506904003     
   5.03859708333333        5.33486750000000      -9.806923567137568E-002
   5.03859708333333        5.63113791666667      -8.962076706933678E-002
   5.03859708333333        5.92740833333333      -8.221422271736947E-002
   5.03859708333333        6.22367875000000      -7.582290436575104E-002
   5.03859708333333        6.51994916666667      -7.026893474094069E-002
   5.03859708333333        6.81621958333333      -6.528297922613790E-002
   5.03859708333333        7.11249000000000      -6.061311388877815E-002
   5.33486750000000       2.000000000000000E-003 -0.360428750891798     
   5.33486750000000       0.298270416666667      -0.356213244567919     
   5.33486750000000       0.594540833333333      -0.344096184020101     
   5.33486750000000       0.890811250000000      -0.326250685756635     
   5.33486750000000        1.18708166666667      -0.305103443123343     
   5.33486750000000        1.48335208333333      -0.282947320683686     
   5.33486750000000        1.77962250000000      -0.261440951798609     
   5.33486750000000        2.07589291666667      -0.241308901139686     
   5.33486750000000        2.37216333333333      -0.222933178347412     
   5.33486750000000        2.66843375000000      -0.206295405170113     
   5.33486750000000        2.96470416666667      -0.191013809441542     
   5.33486750000000        3.26097458333333      -0.176547014311577     
   5.33486750000000        3.55724500000000      -0.162463124064986     
   5.33486750000000        3.85351541666667      -0.148773156724110     
   5.33486750000000        4.14978583333333      -0.135836974177217     
   5.33486750000000        4.44605625000000      -0.124016309886813     
   5.33486750000000        4.74232666666667      -0.113395176608871     
   5.33486750000000        5.03859708333333      -0.103821499531047     
   5.33486750000000        5.33486750000000      -9.511311672338794E-002
   5.33486750000000        5.63113791666667      -8.729475302717070E-002
   5.33486750000000        5.92740833333333      -8.040103525723345E-002
   5.33486750000000        6.22367875000000      -7.439834695338494E-002
   5.33486750000000        6.51994916666667      -6.912639476420306E-002
   5.33486750000000        6.81621958333333      -6.435145734903697E-002
   5.33486750000000        7.11249000000000      -5.986436321704124E-002
   5.63113791666667       2.000000000000000E-003 -0.328822877960261     
   5.63113791666667       0.298270416666667      -0.324743407120565     
   5.63113791666667       0.594540833333333      -0.313539317538677     
   5.63113791666667       0.890811250000000      -0.297600818157379     
   5.63113791666667        1.18708166666667      -0.279118049970205     
   5.63113791666667        1.48335208333333      -0.259911084020417     
   5.63113791666667        1.77962250000000      -0.241294698035550     
   5.63113791666667        2.07589291666667      -0.223837857900380     
   5.63113791666667        2.37216333333333      -0.207682313968421     
   5.63113791666667        2.66843375000000      -0.192797965824980     
   5.63113791666667        2.96470416666667      -0.178944386045546     
   5.63113791666667        3.26097458333333      -0.165748224775408     
   5.63113791666667        3.55724500000000      -0.152986401375985     
   5.63113791666667        3.85351541666667      -0.140711947747951     
   5.63113791666667        4.14978583333333      -0.129175971472808     
   5.63113791666667        4.44605625000000      -0.118591679969732     
   5.63113791666667        4.74232666666667      -0.108936656866377     
   5.63113791666667        5.03859708333333      -0.100122691734448     
   5.63113791666667        5.33486750000000      -9.211304883197965E-002
   5.63113791666667        5.63113791666667      -8.491543654891723E-002
   5.63113791666667        5.92740833333333      -7.853747774331921E-002
   5.63113791666667        6.22367875000000      -7.293033723812566E-002
   5.63113791666667        6.51994916666667      -6.795392637950234E-002
   5.63113791666667        6.81621958333333      -6.341937824272897E-002
   5.63113791666667        7.11249000000000      -5.915654033042755E-002
   5.92740833333333       2.000000000000000E-003 -0.301139833561516     
   5.92740833333333       0.298270416666667      -0.296929747693694     
   5.92740833333333       0.594540833333333      -0.286124319733860     
   5.92740833333333       0.890811250000000      -0.271678435885609     
   5.92740833333333        1.18708166666667      -0.255584638409056     
   5.92740833333333        1.48335208333333      -0.239042559796797     
   5.92740833333333        1.77962250000000      -0.222907012032767     
   5.92740833333333        2.07589291666667      -0.207671166517880     
   5.92740833333333        2.37216333333333      -0.193430905808564     
   5.92740833333333        2.66843375000000      -0.180125946341945     
   5.92740833333333        2.96470416666667      -0.167599250248296     
   5.92740833333333        3.26097458333333      -0.155663638996298     
   5.92740833333333        3.55724500000000      -0.144209677814330     
   5.92740833333333        3.85351541666667      -0.133268525116108     
   5.92740833333333        4.14978583333333      -0.122959135670028     
   5.92740833333333        4.44605625000000      -0.113377056628843     
   5.92740833333333        4.74232666666667      -0.104550125628862     
   5.92740833333333        5.03859708333333      -9.647402360612482E-002
   5.92740833333333        5.33486750000000      -8.914385605879425E-002
   5.92740833333333        5.63113791666667      -8.256284691890542E-002
   5.92740833333333        5.92740833333333      -7.670904958205187E-002
   5.92740833333333        6.22367875000000      -7.150203316400092E-002
   5.92740833333333        6.51994916666667      -6.680851975160683E-002
   5.92740833333333        6.81621958333333      -6.250651230752458E-002
   5.92740833333333        7.11249000000000      -5.849521352653311E-002
   6.22367875000000       2.000000000000000E-003 -0.277542714974026     
   6.22367875000000       0.298270416666667      -0.272679591372483     
   6.22367875000000       0.594540833333333      -0.261811813063013     
   6.22367875000000       0.890811250000000      -0.248810427241761     
   6.22367875000000        1.18708166666667      -0.234789113931829     
   6.22367875000000        1.48335208333333      -0.220393718942563     
   6.22367875000000        1.77962250000000      -0.206261485189945     
   6.22367875000000        2.07589291666667      -0.192778749949876     
   6.22367875000000        2.37216333333333      -0.180118516808286     
   6.22367875000000        2.66843375000000      -0.168244250003901     
   6.22367875000000        2.96470416666667      -0.157022749060000     
   6.22367875000000        3.26097458333333      -0.146327235275749     
   6.22367875000000        3.55724500000000      -0.136085043371615     
   6.22367875000000        3.85351541666667      -0.126298587465375     
   6.22367875000000        4.14978583333333      -0.117023842250469     
   6.22367875000000        4.44605625000000      -0.108329612281844     
   6.22367875000000        4.74232666666667      -0.100273836741596     
   6.22367875000000        5.03859708333333      -9.289987408998501E-002
   6.22367875000000        5.33486750000000      -8.623286050617700E-002
   6.22367875000000        5.63113791666667      -8.026786837438146E-002
   6.22367875000000        5.92740833333333      -7.496086821412581E-002
   6.22367875000000        6.22367875000000      -7.018548392470422E-002
   6.22367875000000        6.51994916666667      -6.575920701326053E-002
   6.22367875000000        6.81621958333333      -6.161462312981859E-002
   6.22367875000000        7.11249000000000      -5.785099769976274E-002
   6.51994916666667       2.000000000000000E-003 -0.257272704180855     
   6.51994916666667       0.298270416666667      -0.251054079862660     
   6.51994916666667       0.594540833333333      -0.240424401929054     
   6.51994916666667       0.890811250000000      -0.229041354212421     
   6.51994916666667        1.18708166666667      -0.216558378333191     
   6.51994916666667        1.48335208333333      -0.203630832445490     
   6.51994916666667        1.77962250000000      -0.190977738311773     
   6.51994916666667        2.07589291666667      -0.178921764722870     
   6.51994916666667        2.37216333333333      -0.167588117617168     
   6.51994916666667        2.66843375000000      -0.157018860081026     
   6.51994916666667        2.96470416666667      -0.147050969819217     
   6.51994916666667        3.26097458333333      -0.137553947124961     
   6.51994916666667        3.55724500000000      -0.128442832118612     
   6.51994916666667        3.85351541666667      -0.119690836559111     
   6.51994916666667        4.14978583333333      -0.111329005958490     
   6.51994916666667        4.44605625000000      -0.103428517140287     
   6.51994916666667        4.74232666666667      -9.607715472025374E-002
   6.51994916666667        5.03859708333333      -8.935499468897701E-002
   6.51994916666667        5.33486750000000      -8.331738565372443E-002
   6.51994916666667        5.63113791666667      -7.796628469976606E-002
   6.51994916666667        5.92740833333333      -7.325175745545995E-002
   6.51994916666667        6.22367875000000      -6.900767621731878E-002
   6.51994916666667        6.51994916666667      -6.491788793015318E-002
   6.51994916666667        6.81621958333333      -6.081484619416681E-002
   6.51994916666667        7.11249000000000      -5.723404131301237E-002
   6.81621958333333       2.000000000000000E-003 -0.237478960385874     
   6.81621958333333       0.298270416666667      -0.231337714390502     
   6.81621958333333       0.594540833333333      -0.222592018241382     
   6.81621958333333       0.890811250000000      -0.211966797306199     
   6.81621958333333        1.18708166666667      -0.200038617366392     
   6.81621958333333        1.48335208333333      -0.188009323993080     
   6.81621958333333        1.77962250000000      -0.176515124641326     
   6.81621958333333        2.07589291666667      -0.165727326847780     
   6.81621958333333        2.37216333333333      -0.155652200713419     
   6.81621958333333        2.66843375000000      -0.146322050750709     
   6.81621958333333        2.96470416666667      -0.137552251114374     
   6.81621958333333        3.26097458333333      -0.129191240208556     
   6.81621958333333        3.55724500000000      -0.121128862687003     
   6.81621958333333        3.85351541666667      -0.113313640923334     
   6.81621958333333        4.14978583333333      -0.105769930208095     
   6.81621958333333        4.44605625000000      -9.858393100347879E-002
   6.81621958333333        4.74232666666667      -9.187127303577429E-002
   6.81621958333333        5.03859708333333      -8.574335426195842E-002
   6.81621958333333        5.33486750000000      -8.027597840923383E-002
   6.81621958333333        5.63113791666667      -7.549717426603227E-002
   6.81621958333333        5.92740833333333      -7.137587907136839E-002
   6.81621958333333        6.22367875000000      -6.776313304943932E-002
   6.81621958333333        6.51994916666667      -6.426813655517911E-002
   6.81621958333333        6.81621958333333      -6.028157596515215E-002
   6.81621958333333        7.11249000000000      -5.655552343034607E-002
   7.11249000000000       2.000000000000000E-003 -0.213169328994267     
   7.11249000000000       0.298270416666667      -0.213583487055300     
   7.11249000000000       0.594540833333333      -0.205961299778991     
   7.11249000000000       0.890811250000000      -0.195076357963032     
   7.11249000000000        1.18708166666667      -0.183677255836564     
   7.11249000000000        1.48335208333333      -0.172687782882805     
   7.11249000000000        1.77962250000000      -0.162439274755483     
   7.11249000000000        2.07589291666667      -0.152970564936872     
   7.11249000000000        2.37216333333333      -0.144200082716012     
   7.11249000000000        2.66843375000000      -0.136079926333493     
   7.11249000000000        2.96470416666667      -0.128440478133253     
   7.11249000000000        3.26097458333333      -0.121128024966715     
   7.11249000000000        3.55724500000000      -0.114017494900539     
   7.11249000000000        3.85351541666667      -0.107044666179727     
   7.11249000000000        4.14978583333333      -0.100237316358589     
   7.11249000000000        4.44605625000000      -9.369891052958157E-002
   7.11249000000000        4.74232666666667      -8.756554504315839E-002
   7.11249000000000        5.03859708333333      -8.196306540525919E-002
   7.11249000000000        5.33486750000000      -7.698745579236692E-002
   7.11249000000000        5.63113791666667      -7.267705104834078E-002
   7.11249000000000        5.92740833333333      -6.901738596628693E-002
   7.11249000000000        6.22367875000000      -6.589310630991366E-002
   7.11249000000000        6.51994916666667      -6.296110577785113E-002
   7.11249000000000        6.81621958333333      -5.932727972063694E-002
   7.11249000000000        7.11249000000000      -5.468704561655517E-002
