  2.000000000000000E-003  2.000000000000000E-003 -0.135558722940998     
  2.000000000000000E-003  0.298270416666667      -0.144452190797581     
  2.000000000000000E-003  0.594540833333333      -0.151104156214736     
  2.000000000000000E-003  0.890811250000000      -0.157524976625988     
  2.000000000000000E-003   1.18708166666667      -0.164457779460705     
  2.000000000000000E-003   1.48335208333333      -0.171976978918243     
  2.000000000000000E-003   1.77962250000000      -0.179985239981182     
  2.000000000000000E-003   2.07589291666667      -0.188152098327518     
  2.000000000000000E-003   2.37216333333333      -0.195965824099441     
  2.000000000000000E-003   2.66843375000000      -0.202842187352011     
  2.000000000000000E-003   2.96470416666667      -0.208347050553282     
  2.000000000000000E-003   3.26097458333333      -0.211950746403904     
  2.000000000000000E-003   3.55724500000000      -0.213204217393174     
  2.000000000000000E-003   3.85351541666667      -0.211933605952969     
  2.000000000000000E-003   4.14978583333333      -0.208314273265082     
  2.000000000000000E-003   4.44605625000000      -0.202796307472702     
  2.000000000000000E-003   4.74232666666667      -0.195909868976287     
  2.000000000000000E-003   5.03859708333333      -0.188090040308332     
  2.000000000000000E-003   5.33486750000000      -0.179919359045572     
  2.000000000000000E-003   5.63113791666667      -0.171907838687764     
  2.000000000000000E-003   5.92740833333333      -0.164384670123814     
  2.000000000000000E-003   6.22367875000000      -0.157445021341681     
  2.000000000000000E-003   6.51994916666667      -0.150996890140865     
  2.000000000000000E-003   6.81621958333333      -0.144265623533832     
  2.000000000000000E-003   7.11249000000000      -0.135342726436621     
  0.298270416666667       2.000000000000000E-003 -0.144452232890403     
  0.298270416666667       0.298270416666667      -0.155995633306647     
  0.298270416666667       0.594540833333333      -0.163562726553679     
  0.298270416666667       0.890811250000000      -0.170271160242360     
  0.298270416666667        1.18708166666667      -0.178226850178570     
  0.298270416666667        1.48335208333333      -0.187475004807943     
  0.298270416666667        1.77962250000000      -0.197649845876176     
  0.298270416666667        2.07589291666667      -0.208220734345043     
  0.298270416666667        2.37216333333333      -0.218392852159038     
  0.298270416666667        2.66843375000000      -0.227387132769682     
  0.298270416666667        2.96470416666667      -0.234620926636720     
  0.298270416666667        3.26097458333333      -0.239370443442740     
  0.298270416666667        3.55724500000000      -0.241025806213054     
  0.298270416666667        3.85351541666667      -0.239350405888323     
  0.298270416666667        4.14978583333333      -0.234582415549562     
  0.298270416666667        4.44605625000000      -0.227332632429140     
  0.298270416666667        4.74232666666667      -0.218324869187155     
  0.298270416666667        5.03859708333333      -0.208141523485093     
  0.298270416666667        5.33486750000000      -0.197558527294466     
  0.298270416666667        5.63113791666667      -0.187365586860079     
  0.298270416666667        5.92740833333333      -0.178087010965728     
  0.298270416666667        6.22367875000000      -0.170078640143208     
  0.298270416666667        6.51994916666667      -0.163281918003763     
  0.298270416666667        6.81621958333333      -0.155640131035963     
  0.298270416666667        7.11249000000000      -0.144265744557861     
  0.594540833333333       2.000000000000000E-003 -0.151104252359588     
  0.594540833333333       0.298270416666667      -0.163562678337439     
  0.594540833333333       0.594540833333333      -0.173585349164666     
  0.594540833333333       0.890811250000000      -0.182513297535667     
  0.594540833333333        1.18708166666667      -0.192711961796200     
  0.594540833333333        1.48335208333333      -0.204670514240892     
  0.594540833333333        1.77962250000000      -0.217994304713983     
  0.594540833333333        2.07589291666667      -0.231978003347081     
  0.594540833333333        2.37216333333333      -0.245551006681982     
  0.594540833333333        2.66843375000000      -0.257671575566360     
  0.594540833333333        2.96470416666667      -0.267498169851329     
  0.594540833333333        3.26097458333333      -0.273975735410350     
  0.594540833333333        3.55724500000000      -0.276238852287720     
  0.594540833333333        3.85351541666667      -0.273953077051017     
  0.594540833333333        4.14978583333333      -0.267454584663866     
  0.594540833333333        4.44605625000000      -0.257609624776974     
  0.594540833333333        4.74232666666667      -0.245473028653590     
  0.594540833333333        5.03859708333333      -0.231885311323708     
  0.594540833333333        5.33486750000000      -0.217883981565867     
  0.594540833333333        5.63113791666667      -0.204533132256464     
  0.594540833333333        5.92740833333333      -0.192531542198158     
  0.594540833333333        6.22367875000000      -0.182270300473495     
  0.594540833333333        6.51994916666667      -0.173279719903129     
  0.594540833333333        6.81621958333333      -0.163282138792085     
  0.594540833333333        7.11249000000000      -0.150997106041422     
  0.890811250000000       2.000000000000000E-003 -0.157525093214672     
  0.890811250000000       0.298270416666667      -0.170271177241525     
  0.890811250000000       0.594540833333333      -0.182513305355295     
  0.890811250000000       0.890811250000000      -0.194770814421259     
  0.890811250000000        1.18708166666667      -0.208529000227545     
  0.890811250000000        1.48335208333333      -0.224399908437019     
  0.890811250000000        1.77962250000000      -0.242165124619595     
  0.890811250000000        2.07589291666667      -0.260990727594827     
  0.890811250000000        2.37216333333333      -0.279366332356762     
  0.890811250000000        2.66843375000000      -0.296131408486161     
  0.890811250000000        2.96470416666667      -0.309882336948704     
  0.890811250000000        3.26097458333333      -0.319001517463862     
  0.890811250000000        3.55724500000000      -0.322197771657517     
  0.890811250000000        3.85351541666667      -0.318976333010476     
  0.890811250000000        4.14978583333333      -0.309834045002700     
  0.890811250000000        4.44605625000000      -0.296063164735288     
  0.890811250000000        4.74232666666667      -0.279280928968624     
  0.890811250000000        5.03859708333333      -0.260889452642716     
  0.890811250000000        5.33486750000000      -0.242046139195480     
  0.890811250000000        5.63113791666667      -0.224254857201659     
  0.890811250000000        5.92740833333333      -0.208346774284370     
  0.890811250000000        6.22367875000000      -0.194546701930011     
  0.890811250000000        6.51994916666667      -0.182270426132223     
  0.890811250000000        6.81621958333333      -0.170078904782217     
  0.890811250000000        7.11249000000000      -0.157445240493916     
   1.18708166666667       2.000000000000000E-003 -0.164457905927571     
   1.18708166666667       0.298270416666667      -0.178226937901400     
   1.18708166666667       0.594540833333333      -0.192712035153820     
   1.18708166666667       0.890811250000000      -0.208529058144173     
   1.18708166666667        1.18708166666667      -0.226664726061902     
   1.18708166666667        1.48335208333333      -0.247668224819722     
   1.18708166666667        1.77962250000000      -0.271385800319358     
   1.18708166666667        2.07589291666667      -0.296739226947153     
   1.18708166666667        2.37216333333333      -0.322032802972771     
   1.18708166666667        2.66843375000000      -0.345691982622421     
   1.18708166666667        2.96470416666667      -0.365406526550422     
   1.18708166666667        3.26097458333333      -0.378614322832184     
   1.18708166666667        3.55724500000000      -0.383269675816722     
   1.18708166666667        3.85351541666667      -0.378585764292830     
   1.18708166666667        4.14978583333333      -0.365352508148584     
   1.18708166666667        4.44605625000000      -0.345617154935619     
   1.18708166666667        4.74232666666667      -0.321941295927858     
   1.18708166666667        5.03859708333333      -0.296633394268858     
   1.18708166666667        5.33486750000000      -0.271265829986959     
   1.18708166666667        5.63113791666667      -0.247529765797569     
   1.18708166666667        5.92740833333333      -0.226502699689429     
   1.18708166666667        6.22367875000000      -0.208346878609050     
   1.18708166666667        6.51994916666667      -0.192531723721697     
   1.18708166666667        6.81621958333333      -0.178087243042755     
   1.18708166666667        7.11249000000000      -0.164384854396157     
   1.48335208333333       2.000000000000000E-003 -0.171977117702650     
   1.48335208333333       0.298270416666667      -0.187475151908144     
   1.48335208333333       0.594540833333333      -0.204670676385926     
   1.48335208333333       0.890811250000000      -0.224400072931386     
   1.48335208333333        1.18708166666667      -0.247668344438873     
   1.48335208333333        1.48335208333333      -0.275100140095555     
   1.48335208333333        1.77962250000000      -0.306487858294168     
   1.48335208333333        2.07589291666667      -0.340529443657668     
   1.48335208333333        2.37216333333333      -0.375752008514669     
   1.48335208333333        2.66843375000000      -0.409639388813133     
   1.48335208333333        2.96470416666667      -0.438543980441559     
   1.48335208333333        3.26097458333333      -0.458334129487883     
   1.48335208333333        3.55724500000000      -0.465379051779933     
   1.48335208333333        3.85351541666667      -0.458299357887160     
   1.48335208333333        4.14978583333333      -0.438479959941666     
   1.48335208333333        4.44605625000000      -0.409554492384654     
   1.48335208333333        4.74232666666667      -0.375653090275332     
   1.48335208333333        5.03859708333333      -0.340420278871647     
   1.48335208333333        5.33486750000000      -0.306369566478562     
   1.48335208333333        5.63113791666667      -0.274972588266556     
   1.48335208333333        5.92740833333333      -0.247529935734985     
   1.48335208333333        6.22367875000000      -0.224255080872147     
   1.48335208333333        6.51994916666667      -0.204533340039070     
   1.48335208333333        6.81621958333333      -0.187365790181076     
   1.48335208333333        7.11249000000000      -0.171907962999839     
   1.77962250000000       2.000000000000000E-003 -0.179985406103756     
   1.77962250000000       0.298270416666667      -0.197650060870037     
   1.77962250000000       0.594540833333333      -0.217994578476880     
   1.77962250000000       0.890811250000000      -0.242165440584028     
   1.77962250000000        1.18708166666667      -0.271386104468593     
   1.77962250000000        1.48335208333333      -0.306488062096314     
   1.77962250000000        1.77962250000000      -0.347286949578035     
   1.77962250000000        2.07589291666667      -0.393206238922390     
   1.77962250000000        2.37216333333333      -0.442509535897848     
   1.77962250000000        2.66843375000000      -0.491856900426012     
   1.77962250000000        2.96470416666667      -0.535679320116390     
   1.77962250000000        3.26097458333333      -0.566659518719044     
   1.77962250000000        3.55724500000000      -0.577926937583402     
   1.77962250000000        3.85351541666667      -0.566613350843552     
   1.77962250000000        4.14978583333333      -0.535597536570287     
   1.77962250000000        4.44605625000000      -0.491754106592123     
   1.77962250000000        4.74232666666667      -0.442397875086296     
   1.77962250000000        5.03859708333333      -0.393092125599492     
   1.77962250000000        5.33486750000000      -0.347171033590279     
   1.77962250000000        5.63113791666667      -0.306369803103023     
   1.77962250000000        5.92740833333333      -0.271266178440900     
   1.77962250000000        6.22367875000000      -0.242046479133705     
   1.77962250000000        6.51994916666667      -0.217884248053227     
   1.77962250000000        6.81621958333333      -0.197558731126767     
   1.77962250000000        7.11249000000000      -0.179919472377247     
   2.07589291666667       2.000000000000000E-003 -0.188152314172310     
   2.07589291666667       0.298270416666667      -0.208221040028675     
   2.07589291666667       0.594540833333333      -0.231978416107617     
   2.07589291666667       0.890811250000000      -0.260991233062007     
   2.07589291666667        1.18708166666667      -0.296739762564717     
   2.07589291666667        1.48335208333333      -0.340529911257120     
   2.07589291666667        1.77962250000000      -0.393206528063235     
   2.07589291666667        2.07589291666667      -0.454805769260159     
   2.07589291666667        2.37216333333333      -0.524036937646644     
   2.07589291666667        2.66843375000000      -0.596967134691536     
   2.07589291666667        2.96470416666667      -0.665318128204238     
   2.07589291666667        3.26097458333333      -0.716041757403088     
   2.07589291666667        3.55724500000000      -0.735042318079318     
   2.07589291666667        3.85351541666667      -0.715975506573896     
   2.07589291666667        4.14978583333333      -0.665206644007815     
   2.07589291666667        4.44605625000000      -0.596836777755580     
   2.07589291666667        4.74232666666667      -0.523906519219316     
   2.07589291666667        5.03859708333333      -0.454683348630501     
   2.07589291666667        5.33486750000000      -0.393092576012726     
   2.07589291666667        5.63113791666667      -0.340420912158120     
   2.07589291666667        5.92740833333333      -0.296634050164158     
   2.07589291666667        6.22367875000000      -0.260890016730903     
   2.07589291666667        6.51994916666667      -0.231885716737341     
   2.07589291666667        6.81621958333333      -0.208141796181786     
   2.07589291666667        7.11249000000000      -0.188090170721655     
   2.37216333333333       2.000000000000000E-003 -0.195966097232793     
   2.37216333333333       0.298270416666667      -0.218393254707720     
   2.37216333333333       0.594540833333333      -0.245551557672557     
   2.37216333333333       0.890811250000000      -0.279367015713593     
   2.37216333333333        1.18708166666667      -0.322033560570785     
   2.37216333333333        1.48335208333333      -0.375752752747805     
   2.37216333333333        1.77962250000000      -0.442510169019365     
   2.37216333333333        2.07589291666667      -0.524037318541525     
   2.37216333333333        2.37216333333333      -0.620657475693684     
   2.37216333333333        2.66843375000000      -0.728978193461414     
   2.37216333333333        2.96470416666667      -0.837770998446894     
   2.37216333333333        3.26097458333333      -0.923910015761162     
   2.37216333333333        3.55724500000000      -0.957523318601230     
   2.37216333333333        3.85351541666667      -0.923808523544838     
   2.37216333333333        4.14978583333333      -0.837612325135872     
   2.37216333333333        4.44605625000000      -0.728810209333743     
   2.37216333333333        4.74232666666667      -0.620505504666716     
   2.37216333333333        5.03859708333333      -0.523907305075767     
   2.37216333333333        5.33486750000000      -0.442398994663001     
   2.37216333333333        5.63113791666667      -0.375654205085598     
   2.37216333333333        5.92740833333333      -0.321942352193976     
   2.37216333333333        6.22367875000000      -0.279281740075272     
   2.37216333333333        6.51994916666667      -0.245473673603357     
   2.37216333333333        6.81621958333333      -0.218325315819608     
   2.37216333333333        7.11249000000000      -0.195910142281155     
   2.66843375000000       2.000000000000000E-003 -0.202842489444767     
   2.66843375000000       0.298270416666667      -0.227387591032688     
   2.66843375000000       0.594540833333333      -0.257672210946543     
   2.66843375000000       0.890811250000000      -0.296132210293392     
   2.66843375000000        1.18708166666667      -0.345692906421680     
   2.66843375000000        1.48335208333333      -0.409640375033058     
   2.66843375000000        1.77962250000000      -0.491857866277301     
   2.66843375000000        2.07589291666667      -0.596967907418501     
   2.66843375000000        2.37216333333333      -0.728978605462210     
   2.66843375000000        2.66843375000000      -0.887624370484492     
   2.66843375000000        2.96470416666667       -1.05933695922030     
   2.66843375000000        3.26097458333333       -1.20521901132643     
   2.66843375000000        3.55724500000000       -1.26519381467113     
   2.66843375000000        3.85351541666667       -1.20505855255541     
   2.66843375000000        4.14978583333333       -1.05911262887114     
   2.66843375000000        4.44605625000000      -0.887416050472903     
   2.66843375000000        4.74232666666667      -0.728811490213746     
   2.66843375000000        5.03859708333333      -0.596838654073410     
   2.66843375000000        5.33486750000000      -0.491756079538795     
   2.66843375000000        5.63113791666667      -0.409556224664156     
   2.66843375000000        5.92740833333333      -0.345618576618904     
   2.66843375000000        6.22367875000000      -0.296064272170658     
   2.66843375000000        6.51994916666667      -0.257610412744624     
   2.66843375000000        6.81621958333333      -0.227333141807967     
   2.66843375000000        7.11249000000000      -0.202796674704214     
   2.96470416666667       2.000000000000000E-003 -0.208347346438115     
   2.96470416666667       0.298270416666667      -0.234621389676393     
   2.96470416666667       0.594540833333333      -0.267498823513428     
   2.96470416666667       0.890811250000000      -0.309883179931436     
   2.96470416666667        1.18708166666667      -0.365407534817802     
   2.96470416666667        1.48335208333333      -0.438545133876692     
   2.96470416666667        1.77962250000000      -0.535680531701308     
   2.96470416666667        2.07589291666667      -0.665319205491074     
   2.96470416666667        2.37216333333333      -0.837771724963023     
   2.96470416666667        2.66843375000000       -1.05933721659513     
   2.96470416666667        2.96470416666667       -1.31271986775981     
   2.96470416666667        3.26097458333333       -1.53377189735285     
   2.96470416666667        3.55724500000000       -1.62594612609047     
   2.96470416666667        3.85351541666667       -1.53353551839507     
   2.96470416666667        4.14978583333333       -1.31243826680316     
   2.96470416666667        4.44605625000000       -1.05911482473804     
   2.96470416666667        4.74232666666667      -0.837615390719683     
   2.96470416666667        5.03859708333333      -0.665209904233160     
   2.96470416666667        5.33486750000000      -0.535600413913824     
   2.96470416666667        5.63113791666667      -0.438482250845034     
   2.96470416666667        5.92740833333333      -0.365354253604310     
   2.96470416666667        6.22367875000000      -0.309835315262344     
   2.96470416666667        6.51994916666667      -0.267455455602355     
   2.96470416666667        6.81621958333333      -0.234583017650649     
   2.96470416666667        7.11249000000000      -0.208314645975515     
   3.26097458333333       2.000000000000000E-003 -0.211951005039566     
   3.26097458333333       0.298270416666667      -0.239370867359416     
   3.26097458333333       0.594540833333333      -0.273976350987692     
   3.26097458333333       0.890811250000000      -0.319002333697673     
   3.26097458333333        1.18708166666667      -0.378615334353180     
   3.26097458333333        1.48335208333333      -0.458335339016267     
   3.26097458333333        1.77962250000000      -0.566660846307103     
   3.26097458333333        2.07589291666667      -0.716042996119466     
   3.26097458333333        2.37216333333333      -0.923910899298931     
   3.26097458333333        2.66843375000000       -1.20521929766291     
   3.26097458333333        2.96470416666667       -1.53377166435677     
   3.26097458333333        3.26097458333333       -1.78883504236695     
   3.26097458333333        3.55724500000000       -1.88328817585603     
   3.26097458333333        3.85351541666667       -1.78860072487555     
   3.26097458333333        4.14978583333333       -1.53353870634086     
   3.26097458333333        4.44605625000000       -1.20506398423866     
   3.26097458333333        4.74232666666667      -0.923813881315842     
   3.26097458333333        5.03859708333333      -0.715980114614074     
   3.26097458333333        5.33486750000000      -0.566617067246188     
   3.26097458333333        5.63113791666667      -0.458302159132081     
   3.26097458333333        5.92740833333333      -0.378587763013721     
   3.26097458333333        6.22367875000000      -0.318977694660237     
   3.26097458333333        6.51994916666667      -0.273954021113177     
   3.26097458333333        6.81621958333333      -0.239350975577744     
   3.26097458333333        7.11249000000000      -0.211933985999392     
   3.55724500000000       2.000000000000000E-003 -0.213204417513363     
   3.55724500000000       0.298270416666667      -0.241026163386473     
   3.55724500000000       0.594540833333333      -0.276239396577706     
   3.55724500000000       0.890811250000000      -0.322198519389142     
   3.55724500000000        1.18708166666667      -0.383270629940962     
   3.55724500000000        1.48335208333333      -0.465380220335150     
   3.55724500000000        1.77962250000000      -0.577928242402697     
   3.55724500000000        2.07589291666667      -0.735043570246937     
   3.55724500000000        2.37216333333333      -0.957524259740007     
   3.55724500000000        2.66843375000000       -1.26519419511365     
   3.55724500000000        2.96470416666667       -1.62594592067438     
   3.55724500000000        3.26097458333333       -1.88328793097030     
   3.55724500000000        3.55724500000000       -2.01479171371480     
   3.55724500000000        3.85351541666667       -1.88329117981915     
   3.55724500000000        4.14978583333333       -1.62595337818350     
   3.55724500000000        4.44605625000000       -1.26520240945045     
   3.55724500000000        4.74232666666667      -0.957530708191569     
   3.55724500000000        5.03859708333333      -0.735048113614701     
   3.55724500000000        5.33486750000000      -0.577931243205833     
   3.55724500000000        5.63113791666667      -0.465382276408045     
   3.55724500000000        5.92740833333333      -0.383271854697407     
   3.55724500000000        6.22367875000000      -0.322199192826953     
   3.55724500000000        6.51994916666667      -0.276239830228611     
   3.55724500000000        6.81621958333333      -0.241026369698733     
   3.55724500000000        7.11249000000000      -0.213204559033848     
   3.85351541666667       2.000000000000000E-003 -0.211933735950521     
   3.85351541666667       0.298270416666667      -0.239350684335622     
   3.85351541666667       0.594540833333333      -0.273953538123092     
   3.85351541666667       0.890811250000000      -0.318976995202888     
   3.85351541666667        1.18708166666667      -0.378586626705486     
   3.85351541666667        1.48335208333333      -0.458300411772864     
   3.85351541666667        1.77962250000000      -0.566614531816802     
   3.85351541666667        2.07589291666667      -0.715976651035686     
   3.85351541666667        2.37216333333333      -0.923809442146637     
   3.85351541666667        2.66843375000000       -1.20505912343594     
   3.85351541666667        2.96470416666667       -1.53353578760775     
   3.85351541666667        3.26097458333333       -1.78860063008684     
   3.85351541666667        3.55724500000000       -1.88329074169984     
   3.85351541666667        3.85351541666667       -1.78884133521559     
   3.85351541666667        4.14978583333333       -1.53378338863291     
   3.85351541666667        4.44605625000000       -1.20523017093764     
   3.85351541666667        4.74232666666667      -0.923918472311044     
   3.85351541666667        5.03859708333333      -0.716047927385218     
   3.85351541666667        5.33486750000000      -0.566664033109125     
   3.85351541666667        5.63113791666667      -0.458337361657857     
   3.85351541666667        5.92740833333333      -0.378616536823885     
   3.85351541666667        6.22367875000000      -0.319002967635959     
   3.85351541666667        6.51994916666667      -0.273976621874209     
   3.85351541666667        6.81621958333333      -0.239370914753616     
   3.85351541666667        7.11249000000000      -0.211951011235723     
   4.14978583333333       2.000000000000000E-003 -0.208314331267321     
   4.14978583333333       0.298270416666667      -0.234582613985241     
   4.14978583333333       0.594540833333333      -0.267454961333808     
   4.14978583333333       0.890811250000000      -0.309834616420059     
   4.14978583333333        1.18708166666667      -0.365353262144185     
   4.14978583333333        1.48335208333333      -0.438480862130703     
   4.14978583333333        1.77962250000000      -0.535598522264407     
   4.14978583333333        2.07589291666667      -0.665207587212369     
   4.14978583333333        2.37216333333333      -0.837613095586562     
   4.14978583333333        2.66843375000000       -1.05911316567176     
   4.14978583333333        2.96470416666667       -1.31243855764874     
   4.14978583333333        3.26097458333333       -1.53353854227052     
   4.14978583333333        3.55724500000000       -1.62595270038687     
   4.14978583333333        3.85351541666667       -1.53378297298010     
   4.14978583333333        4.14978583333333       -1.31273211389036     
   4.14978583333333        4.44605625000000       -1.05934764060106     
   4.14978583333333        4.74232666666667      -0.837778926649961     
   4.14978583333333        5.03859708333333      -0.665324069946978     
   4.14978583333333        5.33486750000000      -0.535683650847513     
   4.14978583333333        5.63113791666667      -0.438547018943948     
   4.14978583333333        5.92740833333333      -0.365408644915026     
   4.14978583333333        6.22367875000000      -0.309883738933475     
   4.14978583333333        6.51994916666667      -0.267498976974632     
   4.14978583333333        6.81621958333333      -0.234621346191669     
   4.14978583333333        7.11249000000000      -0.208347191245474     
   4.44605625000000       2.000000000000000E-003 -0.202796293611190     
   4.44605625000000       0.298270416666667      -0.227332749688253     
   4.44605625000000       0.594540833333333      -0.257609913019554     
   4.44605625000000       0.890811250000000      -0.296063636439904     
   4.44605625000000        1.18708166666667      -0.345617785934781     
   4.44605625000000        1.48335208333333      -0.409555226088819     
   4.44605625000000        1.77962250000000      -0.491754867933545     
   4.44605625000000        2.07589291666667      -0.596837475263182     
   4.44605625000000        2.37216333333333      -0.728810756686124     
   4.44605625000000        2.66843375000000      -0.887416411708452     
   4.44605625000000        2.96470416666667       -1.05911499013180     
   4.44605625000000        3.26097458333333       -1.20506390606089     
   4.44605625000000        3.55724500000000       -1.26520216096652     
   4.44605625000000        3.85351541666667       -1.20523004670958     
   4.44605625000000        4.14978583333333       -1.05934768237685     
   4.44605625000000        4.44605625000000      -0.887632929858239     
   4.44605625000000        4.74232666666667      -0.728984872981479     
   4.44605625000000        5.03859708333333      -0.596972176527746     
   4.44605625000000        5.33486750000000      -0.491860686094335     
   4.44605625000000        5.63113791666667      -0.409642109896967     
   4.44605625000000        5.92740833333333      -0.345693858028790     
   4.44605625000000        6.22367875000000      -0.296132622588284     
   4.44605625000000        6.51994916666667      -0.257672236906080     
   4.44605625000000        6.81621958333333      -0.227387416704656     
   4.44605625000000        7.11249000000000      -0.202842269789731     
   4.74232666666667       2.000000000000000E-003 -0.195909777526803     
   4.74232666666667       0.298270416666667      -0.218324897147287     
   4.74232666666667       0.594540833333333      -0.245473217552578     
   4.74232666666667       0.890811250000000      -0.279281286168935     
   4.74232666666667        1.18708166666667      -0.321941787140744     
   4.74232666666667        1.48335208333333      -0.375653648673813     
   4.74232666666667        1.77962250000000      -0.442398415174472     
   4.74232666666667        2.07589291666667      -0.523906974870735     
   4.74232666666667        2.37216333333333      -0.620505836640722     
   4.74232666666667        2.66843375000000      -0.728811703121907     
   4.74232666666667        2.96470416666667      -0.837615526049677     
   4.74232666666667        3.26097458333333      -0.923813990439190     
   4.74232666666667        3.55724500000000      -0.957530852477563     
   4.74232666666667        3.85351541666667      -0.923918691277244     
   4.74232666666667        4.14978583333333      -0.837779153123869     
   4.74232666666667        4.44605625000000      -0.728984997087490     
   4.74232666666667        4.74232666666667      -0.620662572267442     
   4.74232666666667        5.03859708333333      -0.524040897943899     
   4.74232666666667        5.33486750000000      -0.442512541253480     
   4.74232666666667        5.63113791666667      -0.375754252770654     
   4.74232666666667        5.92740833333333      -0.322034351510907     
   4.74232666666667        6.22367875000000      -0.279367274562109     
   4.74232666666667        6.51994916666667      -0.245551499306099     
   4.74232666666667        6.81621958333333      -0.218393014986063     
   4.74232666666667        7.11249000000000      -0.195965728592447     
   5.03859708333333       2.000000000000000E-003 -0.188089864521994     
   5.03859708333333       0.298270416666667      -0.208141452905901     
   5.03859708333333       0.594540833333333      -0.231885390330051     
   5.03859708333333       0.890811250000000      -0.260889689245329     
   5.03859708333333        1.18708166666667      -0.296633741075468     
   5.03859708333333        1.48335208333333      -0.340420664154462     
   5.03859708333333        1.77962250000000      -0.393092476017723     
   5.03859708333333        2.07589291666667      -0.454683604820098     
   5.03859708333333        2.37216333333333      -0.523907466392518     
   5.03859708333333        2.66843375000000      -0.596838764954533     
   5.03859708333333        2.96470416666667      -0.665210036632692     
   5.03859708333333        3.26097458333333      -0.715980329445517     
   5.03859708333333        3.55724500000000      -0.735048427661184     
   5.03859708333333        3.85351541666667      -0.716048289732263     
   5.03859708333333        4.14978583333333      -0.665324382630952     
   5.03859708333333        4.44605625000000      -0.596972366641548     
   5.03859708333333        4.74232666666667      -0.524040968240905     
   5.03859708333333        5.03859708333333      -0.454808717155058     
   5.03859708333333        5.33486750000000      -0.393208485035369     
   5.03859708333333        5.63113791666667      -0.340531115257227     
   5.03859708333333        5.92740833333333      -0.296740356841237     
   5.03859708333333        6.22367875000000      -0.260991337194996     
   5.03859708333333        6.51994916666667      -0.231978211900179     
   5.03859708333333        6.81621958333333      -0.208220656196039     
   5.03859708333333        7.11249000000000      -0.188151842695489     
   5.33486750000000       2.000000000000000E-003 -0.179919177386410     
   5.33486750000000       0.298270416666667      -0.197558423057147     
   5.33486750000000       0.594540833333333      -0.217883996623058     
   5.33486750000000       0.890811250000000      -0.242046283273654     
   5.33486750000000        1.18708166666667      -0.271266062470319     
   5.33486750000000        1.48335208333333      -0.306369809607937     
   5.33486750000000        1.77962250000000      -0.347171231087784     
   5.33486750000000        2.07589291666667      -0.393092703757804     
   5.33486750000000        2.37216333333333      -0.442399057217787     
   5.33486750000000        2.66843375000000      -0.491756137390175     
   5.33486750000000        2.96470416666667      -0.535600542036341     
   5.33486750000000        3.26097458333333      -0.566617310876511     
   5.33486750000000        3.55724500000000      -0.577931590845660     
   5.33486750000000        3.85351541666667      -0.566664410600481     
   5.33486750000000        4.14978583333333      -0.535683968802039     
   5.33486750000000        4.44605625000000      -0.491860893390515     
   5.33486750000000        4.74232666666667      -0.442512648854355     
   5.33486750000000        5.03859708333333      -0.393208531095095     
   5.33486750000000        5.33486750000000      -0.347288473760245     
   5.33486750000000        5.63113791666667      -0.306488942668710     
   5.33486750000000        5.92740833333333      -0.271386435679829     
   5.33486750000000        6.22367875000000      -0.242165384243902     
   5.33486750000000        6.51994916666667      -0.217994196015234     
   5.33486750000000        6.81621958333333      -0.197649560120561     
   5.33486750000000        7.11249000000000      -0.179984925907296     
   5.63113791666667       2.000000000000000E-003 -0.171907695057476     
   5.63113791666667       0.298270416666667      -0.187365486159281     
   5.63113791666667       0.594540833333333      -0.204533104147829     
   5.63113791666667       0.890811250000000      -0.224254924641096     
   5.63113791666667        1.18708166666667      -0.247529913853159     
   5.63113791666667        1.48335208333333      -0.274972750977573     
   5.63113791666667        1.77962250000000      -0.306369907795870     
   5.63113791666667        2.07589291666667      -0.340420964772897     
   5.63113791666667        2.37216333333333      -0.375654246893457     
   5.63113791666667        2.66843375000000      -0.409556308168626     
   5.63113791666667        2.96470416666667      -0.438482421268309     
   5.63113791666667        3.26097458333333      -0.458302447235874     
   5.63113791666667        3.55724500000000      -0.465382654661238     
   5.63113791666667        3.85351541666667      -0.458337763961544     
   5.63113791666667        4.14978583333333      -0.438547371023916     
   5.63113791666667        4.44605625000000      -0.409642376274558     
   5.63113791666667        4.74232666666667      -0.375754428878760     
   5.63113791666667        5.03859708333333      -0.340531221439566     
   5.63113791666667        5.33486750000000      -0.306488997169124     
   5.63113791666667        5.63113791666667      -0.275100783713135     
   5.63113791666667        5.92740833333333      -0.247668489761396     
   5.63113791666667        6.22367875000000      -0.224399875474772     
   5.63113791666667        6.51994916666667      -0.204670227956216     
   5.63113791666667        6.81621958333333      -0.187474599912904     
   5.63113791666667        7.11249000000000      -0.171976587503948     
   5.92740833333333       2.000000000000000E-003 -0.164384592293979     
   5.92740833333333       0.298270416666667      -0.178086931154827     
   5.92740833333333       0.594540833333333      -0.192531465442600     
   5.92740833333333       0.890811250000000      -0.208346745583284     
   5.92740833333333        1.18708166666667      -0.226502747678508     
   5.92740833333333        1.48335208333333      -0.247530033198855     
   5.92740833333333        1.77962250000000      -0.271266256708285     
   5.92740833333333        2.07589291666667      -0.296634083545234     
   5.92740833333333        2.37216333333333      -0.321942402463647     
   5.92740833333333        2.66843375000000      -0.345618707185681     
   5.92740833333333        2.96470416666667      -0.365354508251209     
   5.92740833333333        3.26097458333333      -0.378588146632384     
   5.92740833333333        3.55724500000000      -0.383272328416120     
   5.92740833333333        3.85351541666667      -0.378617033076499     
   5.92740833333333        4.14978583333333      -0.365409095265302     
   5.92740833333333        4.44605625000000      -0.345694220638753     
   5.92740833333333        4.74232666666667      -0.322034620304635     
   5.92740833333333        5.03859708333333      -0.296740548888675     
   5.92740833333333        5.33486750000000      -0.271386569994828     
   5.92740833333333        5.63113791666667      -0.247668565603762     
   5.92740833333333        5.92740833333333      -0.226664681267364     
   5.92740833333333        6.22367875000000      -0.208528742770661     
   5.92740833333333        6.51994916666667      -0.192711555410722     
   5.92740833333333        6.81621958333333      -0.178226436643859     
   5.92740833333333        7.11249000000000      -0.164457492995863     
   6.22367875000000       2.000000000000000E-003 -0.157445051731783     
   6.22367875000000       0.298270416666667      -0.170078610592324     
   6.22367875000000       0.594540833333333      -0.182270178430062     
   6.22367875000000       0.890811250000000      -0.194546565280852     
   6.22367875000000        1.18708166666667      -0.208346809825076     
   6.22367875000000        1.48335208333333      -0.224255098884270     
   6.22367875000000        1.77962250000000      -0.242046539637200     
   6.22367875000000        2.07589291666667      -0.260890068168019     
   6.22367875000000        2.37216333333333      -0.279281820332871     
   6.22367875000000        2.66843375000000      -0.296064440394934     
   6.22367875000000        2.96470416666667      -0.309835609651068     
   6.22367875000000        3.26097458333333      -0.318978117689215     
   6.22367875000000        3.55724500000000      -0.322199708308164     
   6.22367875000000        3.85351541666667      -0.319003515524083     
   6.22367875000000        4.14978583333333      -0.309884257797240     
   6.22367875000000        4.44605625000000      -0.296133071498368     
   6.22367875000000        4.74232666666667      -0.279367640877778     
   6.22367875000000        5.03859708333333      -0.260991629318846     
   6.22367875000000        5.33486750000000      -0.242165614213500     
   6.22367875000000        5.63113791666667      -0.224400043640458     
   6.22367875000000        5.92740833333333      -0.208528836483002     
   6.22367875000000        6.22367875000000      -0.194770453220832     
   6.22367875000000        6.51994916666667      -0.182512846287118     
   6.22367875000000        6.81621958333333      -0.170270789432926     
   6.22367875000000        7.11249000000000      -0.157524828172420     
   6.51994916666667       2.000000000000000E-003 -0.150997024783937     
   6.51994916666667       0.298270416666667      -0.163281937719768     
   6.51994916666667       0.594540833333333      -0.173279560793322     
   6.51994916666667       0.890811250000000      -0.182270199109733     
   6.51994916666667        1.18708166666667      -0.192531549492329     
   6.51994916666667        1.48335208333333      -0.204533274398664     
   6.51994916666667        1.77962250000000      -0.217884273822332     
   6.51994916666667        2.07589291666667      -0.231885783590199     
   6.51994916666667        2.37216333333333      -0.245473778410654     
   6.51994916666667        2.66843375000000      -0.257610596433859     
   6.51994916666667        2.96470416666667      -0.267455746021496     
   6.51994916666667        3.26097458333333      -0.273954422840880     
   6.51994916666667        3.55724500000000      -0.276240320496591     
   6.51994916666667        3.85351541666667      -0.273977158745029     
   6.51994916666667        4.14978583333333      -0.267499513314684     
   6.51994916666667        4.44605625000000      -0.257672735360434     
   6.51994916666667        4.74232666666667      -0.245551939486848     
   6.51994916666667        5.03859708333333      -0.231978590545804     
   6.51994916666667        5.33486750000000      -0.217994508483767     
   6.51994916666667        5.63113791666667      -0.204670476072663     
   6.51994916666667        5.92740833333333      -0.192711733833768     
   6.51994916666667        6.22367875000000      -0.182512940468360     
   6.51994916666667        6.51994916666667      -0.173584870922452     
   6.51994916666667        6.81621958333333      -0.163562293973827     
   6.51994916666667        7.11249000000000      -0.151104104485478     
   6.81621958333333       2.000000000000000E-003 -0.144265655623667     
   6.81621958333333       0.298270416666667      -0.155640075518122     
   6.81621958333333       0.594540833333333      -0.163281947586327     
   6.81621958333333       0.890811250000000      -0.170078639183720     
   6.81621958333333        1.18708166666667      -0.178087008431242     
   6.81621958333333        1.48335208333333      -0.187365659268286     
   6.81621958333333        1.77962250000000      -0.197558709696117     
   6.81621958333333        2.07589291666667      -0.208141845630112     
   6.81621958333333        2.37216333333333      -0.218325415843461     
   6.81621958333333        2.66843375000000      -0.227333305885916     
   6.81621958333333        2.96470416666667      -0.234583260893633     
   6.81621958333333        3.26097458333333      -0.239351305804744     
   6.81621958333333        3.55724500000000      -0.241026780486803     
   6.81621958333333        3.85351541666667      -0.239371385156205     
   6.81621958333333        4.14978583333333      -0.234621846435991     
   6.81621958333333        4.44605625000000      -0.227387915523731     
   6.81621958333333        4.74232666666667      -0.218393485397631     
   6.81621958333333        5.03859708333333      -0.208221079133260     
   6.81621958333333        5.33486750000000      -0.197649914048612     
   6.81621958333333        5.63113791666667      -0.187474882987015     
   6.81621958333333        5.92740833333333      -0.178226646673471     
   6.81621958333333        6.22367875000000      -0.170270923568081     
   6.81621958333333        6.51994916666667      -0.163562362038927     
   6.81621958333333        6.81621958333333      -0.155995365062617     
   6.81621958333333        7.11249000000000      -0.144452093572589     
   7.11249000000000       2.000000000000000E-003 -0.135342617909301     
   7.11249000000000       0.298270416666667      -0.144265586254370     
   7.11249000000000       0.594540833333333      -0.150996917258870     
   7.11249000000000       0.890811250000000      -0.157444992770689     
   7.11249000000000        1.18708166666667      -0.164384614340804     
   7.11249000000000        1.48335208333333      -0.171907799687335     
   7.11249000000000        1.77962250000000      -0.179919404752524     
   7.11249000000000        2.07589291666667      -0.188090177394431     
   7.11249000000000        2.37216333333333      -0.195910204992855     
   7.11249000000000        2.66843375000000      -0.202796787613581     
   7.11249000000000        2.96470416666667      -0.208314813944771     
   7.11249000000000        3.26097458333333      -0.211934219497480     
   7.11249000000000        3.55724500000000      -0.213204864940318     
   7.11249000000000        3.85351541666667      -0.211951386140842     
   7.11249000000000        4.14978583333333      -0.208347620373622     
   7.11249000000000        4.44605625000000      -0.202842728119769     
   7.11249000000000        4.74232666666667      -0.195966184972953     
   7.11249000000000        5.03859708333333      -0.188152265165629     
   7.11249000000000        5.33486750000000      -0.179985274004539     
   7.11249000000000        5.63113791666667      -0.171976853262531     
   7.11249000000000        5.92740833333333      -0.164457670302019     
   7.11249000000000        6.22367875000000      -0.157524912016290     
   7.11249000000000        6.51994916666667      -0.151104119892071     
   7.11249000000000        6.81621958333333      -0.144452091901410     
   7.11249000000000        7.11249000000000      -0.135558520170918     
