  2.000000000000000E-003  2.000000000000000E-003 -0.179973872672546     
  2.000000000000000E-003  0.298270416666667      -0.190461658767238     
  2.000000000000000E-003  0.594540833333333      -0.194804202658574     
  2.000000000000000E-003  0.890811250000000      -0.194412344091236     
  2.000000000000000E-003   1.18708166666667      -0.192789650588551     
  2.000000000000000E-003   1.48335208333333      -0.190930660621895     
  2.000000000000000E-003   1.77962250000000      -0.188869789033214     
  2.000000000000000E-003   2.07589291666667      -0.186404394895460     
  2.000000000000000E-003   2.37216333333333      -0.183305486244874     
  2.000000000000000E-003   2.66843375000000      -0.179474350830613     
  2.000000000000000E-003   2.96470416666667      -0.174729438720611     
  2.000000000000000E-003   3.26097458333333      -0.169028619970070     
  2.000000000000000E-003   3.55724500000000      -0.162439633489211     
  2.000000000000000E-003   3.85351541666667      -0.155129464285107     
  2.000000000000000E-003   4.14978583333333      -0.147366188357840     
  2.000000000000000E-003   4.44605625000000      -0.139469101580594     
  2.000000000000000E-003   4.74232666666667      -0.131745934912702     
  2.000000000000000E-003   5.03859708333333      -0.124449333827142     
  2.000000000000000E-003   5.33486750000000      -0.117778762562070     
  2.000000000000000E-003   5.63113791666667      -0.111889567525800     
  2.000000000000000E-003   5.92740833333333      -0.106872929528286     
  2.000000000000000E-003   6.22367875000000      -0.102625730420245     
  2.000000000000000E-003   6.51994916666667      -9.840269382154436E-002
  2.000000000000000E-003   6.81621958333333      -9.208824022982524E-002
  2.000000000000000E-003   7.11249000000000      -8.420533044969686E-002
  0.298270416666667       2.000000000000000E-003 -0.199000457280385     
  0.298270416666667       0.298270416666667      -0.201692113492610     
  0.298270416666667       0.594540833333333      -0.205565604824785     
  0.298270416666667       0.890811250000000      -0.208410404812074     
  0.298270416666667        1.18708166666667      -0.209494752533212     
  0.298270416666667        1.48335208333333      -0.209422762367183     
  0.298270416666667        1.77962250000000      -0.208392435302285     
  0.298270416666667        2.07589291666667      -0.206345676356416     
  0.298270416666667        2.37216333333333      -0.203165689043697     
  0.298270416666667        2.66843375000000      -0.198736744211888     
  0.298270416666667        2.96470416666667      -0.192974563784114     
  0.298270416666667        3.26097458333333      -0.185952092257280     
  0.298270416666667        3.55724500000000      -0.177862325628227     
  0.298270416666667        3.85351541666667      -0.168994582141399     
  0.298270416666667        4.14978583333333      -0.159713175652664     
  0.298270416666667        4.44605625000000      -0.150399650039856     
  0.298270416666667        4.74232666666667      -0.141390512553342     
  0.298270416666667        5.03859708333333      -0.132938583676253     
  0.298270416666667        5.33486750000000      -0.125158340113476     
  0.298270416666667        5.63113791666667      -0.118145568358284     
  0.298270416666667        5.92740833333333      -0.111961917827396     
  0.298270416666667        6.22367875000000      -0.106511507449111     
  0.298270416666667        6.51994916666667      -0.101306221740963     
  0.298270416666667        6.81621958333333      -9.515182374240018E-002
  0.298270416666667        7.11249000000000      -8.690886341569122E-002
  0.594540833333333       2.000000000000000E-003 -0.214414785356181     
  0.594540833333333       0.298270416666667      -0.219328391096648     
  0.594540833333333       0.594540833333333      -0.221013791310973     
  0.594540833333333       0.890811250000000      -0.224926318609054     
  0.594540833333333        1.18708166666667      -0.228512393192610     
  0.594540833333333        1.48335208333333      -0.230553005628168     
  0.594540833333333        1.77962250000000      -0.230822639560621     
  0.594540833333333        2.07589291666667      -0.229311578924826     
  0.594540833333333        2.37216333333333      -0.225981133809489     
  0.594540833333333        2.66843375000000      -0.220747542864707     
  0.594540833333333        2.96470416666667      -0.213672830461539     
  0.594540833333333        3.26097458333333      -0.204982150883448     
  0.594540833333333        3.55724500000000      -0.195024640430774     
  0.594540833333333        3.85351541666667      -0.184243852579589     
  0.594540833333333        4.14978583333333      -0.173127198596605     
  0.594540833333333        4.44605625000000      -0.162128282150206     
  0.594540833333333        4.74232666666667      -0.151603034814194     
  0.594540833333333        5.03859708333333      -0.141792289893009     
  0.594540833333333        5.33486750000000      -0.132752778210717     
  0.594540833333333        5.63113791666667      -0.124520881634304     
  0.594540833333333        5.92740833333333      -0.117195672812074     
  0.594540833333333        6.22367875000000      -0.110776612767205     
  0.594540833333333        6.51994916666667      -0.104808593350889     
  0.594540833333333        6.81621958333333      -9.753043860322803E-002
  0.594540833333333        7.11249000000000      -8.802360500939151E-002
  0.890811250000000       2.000000000000000E-003 -0.226954260271479     
  0.890811250000000       0.298270416666667      -0.235959027374180     
  0.890811250000000       0.594540833333333      -0.241184453445757     
  0.890811250000000       0.890811250000000      -0.246877993539089     
  0.890811250000000        1.18708166666667      -0.252393975230579     
  0.890811250000000        1.48335208333333      -0.256205783425000     
  0.890811250000000        1.77962250000000      -0.257599721907095     
  0.890811250000000        2.07589291666667      -0.256454770590516     
  0.890811250000000        2.37216333333333      -0.252681762472332     
  0.890811250000000        2.66843375000000      -0.246280372634629     
  0.890811250000000        2.96470416666667      -0.237488547527055     
  0.890811250000000        3.26097458333333      -0.226694688801948     
  0.890811250000000        3.55724500000000      -0.214412865730712     
  0.890811250000000        3.85351541666667      -0.201272151883872     
  0.890811250000000        4.14978583333333      -0.187931074325466     
  0.890811250000000        4.44605625000000      -0.174935925064035     
  0.890811250000000        4.74232666666667      -0.162637885439543     
  0.890811250000000        5.03859708333333      -0.151221928776342     
  0.890811250000000        5.33486750000000      -0.140736612166847     
  0.890811250000000        5.63113791666667      -0.131139557157462     
  0.890811250000000        5.92740833333333      -0.122545128125351     
  0.890811250000000        6.22367875000000      -0.114940727546269     
  0.890811250000000        6.51994916666667      -0.107786604885967     
  0.890811250000000        6.81621958333333      -9.983532304922080E-002
  0.890811250000000        7.11249000000000      -9.116762623024587E-002
   1.18708166666667       2.000000000000000E-003 -0.240135116545881     
   1.18708166666667       0.298270416666667      -0.253318499090335     
   1.18708166666667       0.594540833333333      -0.263914088697425     
   1.18708166666667       0.890811250000000      -0.273488761693870     
   1.18708166666667        1.18708166666667      -0.281738207259791     
   1.18708166666667        1.48335208333333      -0.287487528710479     
   1.18708166666667        1.77962250000000      -0.289988862803211     
   1.18708166666667        2.07589291666667      -0.289019787814276     
   1.18708166666667        2.37216333333333      -0.284436222627068     
   1.18708166666667        2.66843375000000      -0.276424847957635     
   1.18708166666667        2.96470416666667      -0.265430527340705     
   1.18708166666667        3.26097458333333      -0.251989486963432     
   1.18708166666667        3.55724500000000      -0.236755453514704     
   1.18708166666667        3.85351541666667      -0.220606182804542     
   1.18708166666667        4.14978583333333      -0.204502024798270     
   1.18708166666667        4.44605625000000      -0.189135757909075     
   1.18708166666667        4.74232666666667      -0.174790431831766     
   1.18708166666667        5.03859708333333      -0.161504020099890     
   1.18708166666667        5.33486750000000      -0.149281602296914     
   1.18708166666667        5.63113791666667      -0.138078859318181     
   1.18708166666667        5.92740833333333      -0.127984113185110     
   1.18708166666667        6.22367875000000      -0.119011501705430     
   1.18708166666667        6.51994916666667      -0.110777196725231     
   1.18708166666667        6.81621958333333      -0.102610944680148     
   1.18708166666667        7.11249000000000      -9.451648872636877E-002
   1.48335208333333       2.000000000000000E-003 -0.255202256761002     
   1.48335208333333       0.298270416666667      -0.273079595907397     
   1.48335208333333       0.594540833333333      -0.289544410945272     
   1.48335208333333       0.890811250000000      -0.304353804154330     
   1.48335208333333        1.18708166666667      -0.316545785545674     
   1.48335208333333        1.48335208333333      -0.324998121882781     
   1.48335208333333        1.77962250000000      -0.329084821854393     
   1.48335208333333        2.07589291666667      -0.328373550163201     
   1.48335208333333        2.37216333333333      -0.322779918210978     
   1.48335208333333        2.66843375000000      -0.312750486420235     
   1.48335208333333        2.96470416666667      -0.299019967709705     
   1.48335208333333        3.26097458333333      -0.282187712004381     
   1.48335208333333        3.55724500000000      -0.263105365722667     
   1.48335208333333        3.85351541666667      -0.242925102318393     
   1.48335208333333        4.14978583333333      -0.223159245681566     
   1.48335208333333        4.44605625000000      -0.204987741507092     
   1.48335208333333        4.74232666666667      -0.188358203921217     
   1.48335208333333        5.03859708333333      -0.172939134546294     
   1.48335208333333        5.33486750000000      -0.158606219764823     
   1.48335208333333        5.63113791666667      -0.145457663138688     
   1.48335208333333        5.92740833333333      -0.133601919800462     
   1.48335208333333        6.22367875000000      -0.123150732272891     
   1.48335208333333        6.51994916666667      -0.113897095780057     
   1.48335208333333        6.81621958333333      -0.105396469967880     
   1.48335208333333        7.11249000000000      -9.737298670152228E-002
   1.77962250000000       2.000000000000000E-003 -0.272289569020410     
   1.77962250000000       0.298270416666667      -0.295567466698466     
   1.77962250000000       0.594540833333333      -0.318433810342306     
   1.77962250000000       0.890811250000000      -0.339404093227273     
   1.77962250000000        1.18708166666667      -0.356792139866520     
   1.77962250000000        1.48335208333333      -0.369268247129053     
   1.77962250000000        1.77962250000000      -0.376017445943229     
   1.77962250000000        2.07589291666667      -0.376393646309514     
   1.77962250000000        2.37216333333333      -0.370041413934783     
   1.77962250000000        2.66843375000000      -0.356996966371813     
   1.77962250000000        2.96470416666667      -0.339207200850505     
   1.77962250000000        3.26097458333333      -0.318330194742835     
   1.77962250000000        3.55724500000000      -0.294926613772078     
   1.77962250000000        3.85351541666667      -0.269920442325750     
   1.77962250000000        4.14978583333333      -0.245468920045266     
   1.77962250000000        4.44605625000000      -0.223365045710736     
   1.77962250000000        4.74232666666667      -0.203776605364967     
   1.77962250000000        5.03859708333333      -0.185895618890391     
   1.77962250000000        5.33486750000000      -0.169009063286671     
   1.77962250000000        5.63113791666667      -0.153395935739501     
   1.77962250000000        5.92740833333333      -0.139450276104541     
   1.77962250000000        6.22367875000000      -0.127360814116957     
   1.77962250000000        6.51994916666667      -0.117019797041961     
   1.77962250000000        6.81621958333333      -0.107999584313661     
   1.77962250000000        7.11249000000000      -9.978739330096702E-002
   2.07589291666667       2.000000000000000E-003 -0.291017521970447     
   2.07589291666667       0.298270416666667      -0.320309446120933     
   2.07589291666667       0.594540833333333      -0.350224451580845     
   2.07589291666667       0.890811250000000      -0.378243176401795     
   2.07589291666667        1.18708166666667      -0.402150304422064     
   2.07589291666667        1.48335208333333      -0.420383017084729     
   2.07589291666667        1.77962250000000      -0.432164752048840     
   2.07589291666667        2.07589291666667      -0.435952318010736     
   2.07589291666667        2.37216333333333      -0.428158237339830     
   2.07589291666667        2.66843375000000      -0.410522324539815     
   2.07589291666667        2.96470416666667      -0.387537284558058     
   2.07589291666667        3.26097458333333      -0.362482857189949     
   2.07589291666667        3.55724500000000      -0.334607834694236     
   2.07589291666667        3.85351541666667      -0.303515140582451     
   2.07589291666667        4.14978583333333      -0.273054124017779     
   2.07589291666667        4.44605625000000      -0.246386658229931     
   2.07589291666667        4.74232666666667      -0.222906328215386     
   2.07589291666667        5.03859708333333      -0.201109725575850     
   2.07589291666667        5.33486750000000      -0.180752040971382     
   2.07589291666667        5.63113791666667      -0.162034015932753     
   2.07589291666667        5.92740833333333      -0.145514331772926     
   2.07589291666667        6.22367875000000      -0.131530432693241     
   2.07589291666667        6.51994916666667      -0.119982655873034     
   2.07589291666667        6.81621958333333      -0.110332396974483     
   2.07589291666667        7.11249000000000      -0.101843667410813     
   2.37216333333333       2.000000000000000E-003 -0.310699831610896     
   2.37216333333333       0.298270416666667      -0.346511096567406     
   2.37216333333333       0.594540833333333      -0.383801512267733     
   2.37216333333333       0.890811250000000      -0.419425968594442     
   2.37216333333333        1.18708166666667      -0.450864665445401     
   2.37216333333333        1.48335208333333      -0.477380869971255     
   2.37216333333333        1.77962250000000      -0.499106936569667     
   2.37216333333333        2.07589291666667      -0.507639952799926     
   2.37216333333333        2.37216333333333      -0.498894301398393     
   2.37216333333333        2.66843375000000      -0.475569719330457     
   2.37216333333333        2.96470416666667      -0.445688109616637     
   2.37216333333333        3.26097458333333      -0.416922385845228     
   2.37216333333333        3.55724500000000      -0.385135158720166     
   2.37216333333333        3.85351541666667      -0.345456782735199     
   2.37216333333333        4.14978583333333      -0.307255556914564     
   2.37216333333333        4.44605625000000      -0.276149323130959     
   2.37216333333333        4.74232666666667      -0.248010075710790     
   2.37216333333333        5.03859708333333      -0.220231678604202     
   2.37216333333333        5.33486750000000      -0.194049907806163     
   2.37216333333333        5.63113791666667      -0.171247085122780     
   2.37216333333333        5.92740833333333      -0.151698213052597     
   2.37216333333333        6.22367875000000      -0.135570078384227     
   2.37216333333333        6.51994916666667      -0.122673740590024     
   2.37216333333333        6.81621958333333      -0.112324364217283     
   2.37216333333333        7.11249000000000      -0.103549880949134     
   2.66843375000000       2.000000000000000E-003 -0.329915495719776     
   2.66843375000000       0.298270416666667      -0.371982791512419     
   2.66843375000000       0.594540833333333      -0.416217963405233     
   2.66843375000000       0.890811250000000      -0.459180913487461     
   2.66843375000000        1.18708166666667      -0.499074909694974     
   2.66843375000000        1.48335208333333      -0.537627657792620     
   2.66843375000000        1.77962250000000      -0.572419614990834     
   2.66843375000000        2.07589291666667      -0.589171571218434     
   2.66843375000000        2.37216333333333      -0.583190780475862     
   2.66843375000000        2.66843375000000      -0.554492602570240     
   2.66843375000000        2.96470416666667      -0.514001452860491     
   2.66843375000000        3.26097458333333      -0.481492269022700     
   2.66843375000000        3.55724500000000      -0.448548346073334     
   2.66843375000000        3.85351541666667      -0.396198624203394     
   2.66843375000000        4.14978583333333      -0.351069445694899     
   2.66843375000000        4.44605625000000      -0.317835367953191     
   2.66843375000000        4.74232666666667      -0.282628606397955     
   2.66843375000000        5.03859708333333      -0.244649956825312     
   2.66843375000000        5.33486750000000      -0.209262895650879     
   2.66843375000000        5.63113791666667      -0.180513912926284     
   2.66843375000000        5.92740833333333      -0.157627167715870     
   2.66843375000000        6.22367875000000      -0.139285505897944     
   2.66843375000000        6.51994916666667      -0.125032210642188     
   2.66843375000000        6.81621958333333      -0.113984498349863     
   2.66843375000000        7.11249000000000      -0.104938822255649     
   2.96470416666667       2.000000000000000E-003 -0.346002348201817     
   2.96470416666667       0.298270416666667      -0.393268919834142     
   2.96470416666667       0.594540833333333      -0.443281715021608     
   2.96470416666667       0.890811250000000      -0.492722360521043     
   2.96470416666667        1.18708166666667      -0.541293345300640     
   2.96470416666667        1.48335208333333      -0.594889702306428     
   2.96470416666667        1.77962250000000      -0.642508020377089     
   2.96470416666667        2.07589291666667      -0.672040554769630     
   2.96470416666667        2.37216333333333      -0.676849785228038     
   2.96470416666667        2.66843375000000      -0.649277177306170     
   2.96470416666667        2.96470416666667      -0.594106224872158     
   2.96470416666667        3.26097458333333      -0.548466232565147     
   2.96470416666667        3.55724500000000      -0.518252173694002     
   2.96470416666667        3.85351541666667      -0.454365387839952     
   2.96470416666667        4.14978583333333      -0.417008524708363     
   2.96470416666667        4.44605625000000      -0.382108817626798     
   2.96470416666667        4.74232666666667      -0.329842637816155     
   2.96470416666667        5.03859708333333      -0.273761810654595     
   2.96470416666667        5.33486750000000      -0.225341584774490     
   2.96470416666667        5.63113791666667      -0.188791681977992     
   2.96470416666667        5.92740833333333      -0.162683104051299     
   2.96470416666667        6.22367875000000      -0.142351992523779     
   2.96470416666667        6.51994916666667      -0.126909529900006     
   2.96470416666667        6.81621958333333      -0.115254205954645     
   2.96470416666667        7.11249000000000      -0.105977984991909     
   3.26097458333333       2.000000000000000E-003 -0.356711087865208     
   3.26097458333333       0.298270416666667      -0.407409965372683     
   3.26097458333333       0.594540833333333      -0.461276521440202     
   3.26097458333333       0.890811250000000      -0.515305485347612     
   3.26097458333333        1.18708166666667      -0.570798506957775     
   3.26097458333333        1.48335208333333      -0.635730398817168     
   3.26097458333333        1.77962250000000      -0.695300003408462     
   3.26097458333333        2.07589291666667      -0.738694637652080     
   3.26097458333333        2.37216333333333      -0.760447876639527     
   3.26097458333333        2.66843375000000      -0.749659968627278     
   3.26097458333333        2.96470416666667      -0.697653969736203     
   3.26097458333333        3.26097458333333      -0.619281697112627     
   3.26097458333333        3.55724500000000      -0.565678293453669     
   3.26097458333333        3.85351541666667      -0.538730697764229     
   3.26097458333333        4.14978583333333      -0.532866386191950     
   3.26097458333333        4.44605625000000      -0.469059081770511     
   3.26097458333333        4.74232666666667      -0.380835694649610     
   3.26097458333333        5.03859708333333      -0.300729678818018     
   3.26097458333333        5.33486750000000      -0.238669730942790     
   3.26097458333333        5.63113791666667      -0.195027122568940     
   3.26097458333333        5.92740833333333      -0.166125979038924     
   3.26097458333333        6.22367875000000      -0.144398082388602     
   3.26097458333333        6.51994916666667      -0.128134158440644     
   3.26097458333333        6.81621958333333      -0.116059262475770     
   3.26097458333333        7.11249000000000      -0.106624074231188     
   3.55724500000000       2.000000000000000E-003 -0.360480948842496     
   3.55724500000000       0.298270416666667      -0.412371744510433     
   3.55724500000000       0.594540833333333      -0.467587247366987     
   3.55724500000000       0.890811250000000      -0.523288599888999     
   3.55724500000000        1.18708166666667      -0.581477150370452     
   3.55724500000000        1.48335208333333      -0.651139162617090     
   3.55724500000000        1.77962250000000      -0.714419030576810     
   3.55724500000000        2.07589291666667      -0.764619114060437     
   3.55724500000000        2.37216333333333      -0.795806225752188     
   3.55724500000000        2.66843375000000      -0.800117751943017     
   3.55724500000000        2.96470416666667      -0.771654669709257     
   3.55724500000000        3.26097458333333      -0.706102341203967     
   3.55724500000000        3.55724500000000      -0.577928242402698     
   3.55724500000000        3.85351541666667      -0.637259610887899     
   3.55724500000000        4.14978583333333      -0.623922842593215     
   3.55724500000000        4.44605625000000      -0.518527981813599     
   3.55724500000000        4.74232666666667      -0.404929096966443     
   3.55724500000000        5.03859708333333      -0.312235338571618     
   3.55724500000000        5.33486750000000      -0.244003989105950     
   3.55724500000000        5.63113791666667      -0.197349500444690     
   3.55724500000000        5.92740833333333      -0.167353229733698     
   3.55724500000000        6.22367875000000      -0.145122530330968     
   3.55724500000000        6.51994916666667      -0.128564922514949     
   3.55724500000000        6.81621958333333      -0.116339490943883     
   3.55724500000000        7.11249000000000      -0.106846733624320     
   3.85351541666667       2.000000000000000E-003 -0.356703499738166     
   3.85351541666667       0.298270416666667      -0.407399655587359     
   3.85351541666667       0.594540833333333      -0.461263711788497     
   3.85351541666667       0.890811250000000      -0.515290164822318     
   3.85351541666667        1.18708166666667      -0.570779673986908     
   3.85351541666667        1.48335208333333      -0.635704560078738     
   3.85351541666667        1.77962250000000      -0.695261875078181     
   3.85351541666667        2.07589291666667      -0.738636137053814     
   3.85351541666667        2.37216333333333      -0.760355637398934     
   3.85351541666667        2.66843375000000      -0.749516505707855     
   3.85351541666667        2.96470416666667      -0.697460667869173     
   3.85351541666667        3.26097458333333      -0.619135967184199     
   3.85351541666667        3.55724500000000      -0.565610631905826     
   3.85351541666667        3.85351541666667      -0.538819336189286     
   3.85351541666667        4.14978583333333      -0.533084469323766     
   3.85351541666667        4.44605625000000      -0.469215408073434     
   3.85351541666667        4.74232666666667      -0.380919269518871     
   3.85351541666667        5.03859708333333      -0.300769334497417     
   3.85351541666667        5.33486750000000      -0.238687842461464     
   3.85351541666667        5.63113791666667      -0.195037252045265     
   3.85351541666667        5.92740833333333      -0.166135227217470     
   3.85351541666667        6.22367875000000      -0.144408679918011     
   3.85351541666667        6.51994916666667      -0.128146823443958     
   3.85351541666667        6.81621958333333      -0.116073632047396     
   3.85351541666667        7.11249000000000      -0.106638899196925     
   4.14978583333333       2.000000000000000E-003 -0.345988713049846     
   4.14978583333333       0.298270416666667      -0.393250071991090     
   4.14978583333333       0.594540833333333      -0.443258169026906     
   4.14978583333333       0.890811250000000      -0.492694396723360     
   4.14978583333333        1.18708166666667      -0.541259900513044     
   4.14978583333333        1.48335208333333      -0.594846133099336     
   4.14978583333333        1.77962250000000      -0.642447493218571     
   4.14978583333333        2.07589291666667      -0.671955494903559     
   4.14978583333333        2.37216333333333      -0.676732166296511     
   4.14978583333333        2.66843375000000      -0.649130399119009     
   4.14978583333333        2.96470416666667      -0.593967162063679     
   4.14978583333333        3.26097458333333      -0.548380188365640     
   4.14978583333333        3.55724500000000      -0.518135881899582     
   4.14978583333333        3.85351541666667      -0.454315862703108     
   4.14978583333333        4.14978583333333      -0.417124961210413     
   4.14978583333333        4.44605625000000      -0.382251836508091     
   4.14978583333333        4.74232666666667      -0.329940941221703     
   4.14978583333333        5.03859708333333      -0.273816392682146     
   4.14978583333333        5.33486750000000      -0.225370438774043     
   4.14978583333333        5.63113791666667      -0.188810852770698     
   4.14978583333333        5.92740833333333      -0.162701991644563     
   4.14978583333333        6.22367875000000      -0.142373543588694     
   4.14978583333333        6.51994916666667      -0.126934751103943     
   4.14978583333333        6.81621958333333      -0.115282073066198     
   4.14978583333333        7.11249000000000      -0.106006060068342     
   4.44605625000000       2.000000000000000E-003 -0.329898807033714     
   4.44605625000000       0.298270416666667      -0.371958481238659     
   4.44605625000000       0.594540833333333      -0.416187015490410     
   4.44605625000000       0.890811250000000      -0.459144420341937     
   4.44605625000000        1.18708166666667      -0.499032843412992     
   4.44605625000000        1.48335208333333      -0.537577189359189     
   4.44605625000000        1.77962250000000      -0.572355388040246     
   4.44605625000000        2.07589291666667      -0.589091825359956     
   4.44605625000000        2.37216333333333      -0.583099360925374     
   4.44605625000000        2.66843375000000      -0.554405979469981     
   4.44605625000000        2.96470416666667      -0.513945981547254     
   4.44605625000000        3.26097458333333      -0.481460951487442     
   4.44605625000000        3.55724500000000      -0.448486997108195     
   4.44605625000000        3.85351541666667      -0.396148820653642     
   4.44605625000000        4.14978583333333      -0.351102147742771     
   4.44605625000000        4.44605625000000      -0.317914354273395     
   4.44605625000000        4.74232666666667      -0.282701581307776     
   4.44605625000000        5.03859708333333      -0.244700360605947     
   4.44605625000000        5.33486750000000      -0.209296457060976     
   4.44605625000000        5.63113791666667      -0.180542110011640     
   4.44605625000000        5.92740833333333      -0.157656524757386     
   4.44605625000000        6.22367875000000      -0.139318841819547     
   4.44605625000000        6.51994916666667      -0.125069934068784     
   4.44605625000000        6.81621958333333      -0.114024476309977     
   4.44605625000000        7.11249000000000      -0.104977294042951     
   4.74232666666667       2.000000000000000E-003 -0.310684706892168     
   4.74232666666667       0.298270416666667      -0.346485411093520     
   4.74232666666667       0.594540833333333      -0.383766857696512     
   4.74232666666667       0.890811250000000      -0.419384937376421     
   4.74232666666667        1.18708166666667      -0.450819117720765     
   4.74232666666667        1.48335208333333      -0.477330910707688     
   4.74232666666667        1.77962250000000      -0.499050574483347     
   4.74232666666667        2.07589291666667      -0.507579503690551     
   4.74232666666667        2.37216333333333      -0.498838701202282     
   4.74232666666667        2.66843375000000      -0.475534070416827     
   4.74232666666667        2.96470416666667      -0.445683273835001     
   4.74232666666667        3.26097458333333      -0.416934376538253     
   4.74232666666667        3.55724500000000      -0.385135872359133     
   4.74232666666667        3.85351541666667      -0.345455095540389     
   4.74232666666667        4.14978583333333      -0.307280608768894     
   4.74232666666667        4.44605625000000      -0.276198830161328     
   4.74232666666667        4.74232666666667      -0.248063171190924     
   4.74232666666667        5.03859708333333      -0.220276550101009     
   4.74232666666667        5.33486750000000      -0.194087938921511     
   4.74232666666667        5.63113791666667      -0.171284788015311     
   4.74232666666667        5.92740833333333      -0.151739279777042     
   4.74232666666667        6.22367875000000      -0.135616492450432     
   4.74232666666667        6.51994916666667      -0.122724281554050     
   4.74232666666667        6.81621958333333      -0.112374773345251     
   4.74232666666667        7.11249000000000      -0.103594805947220     
   5.03859708333333       2.000000000000000E-003 -0.291011602397949     
   5.03859708333333       0.298270416666667      -0.320287701153834     
   5.03859708333333       0.594540833333333      -0.350189616790694     
   5.03859708333333       0.890811250000000      -0.378200433162036     
   5.03859708333333        1.18708166666667      -0.402104528726585     
   5.03859708333333        1.48335208333333      -0.420336839509547     
   5.03859708333333        1.77962250000000      -0.432119534099019     
   5.03859708333333        2.07589291666667      -0.435910914632737     
   5.03859708333333        2.37216333333333      -0.428129150076684     
   5.03859708333333        2.66843375000000      -0.410515834930164     
   5.03859708333333        2.96470416666667      -0.387557465921290     
   5.03859708333333        3.26097458333333      -0.362520032174918     
   5.03859708333333        3.55724500000000      -0.334646169136303     
   5.03859708333333        3.85351541666667      -0.303551329594238     
   5.03859708333333        4.14978583333333      -0.273095318948694     
   5.03859708333333        4.44605625000000      -0.246434207253673     
   5.03859708333333        4.74232666666667      -0.222954454427903     
   5.03859708333333        5.03859708333333      -0.201154788184832     
   5.03859708333333        5.33486750000000      -0.180796250285440     
   5.03859708333333        5.63113791666667      -0.162081203465850     
   5.03859708333333        5.92740833333333      -0.145567991833459     
   5.03859708333333        6.22367875000000      -0.131591481896970     
   5.03859708333333        6.51994916666667      -0.120046961010061     
   5.03859708333333        6.81621958333333      -0.110391369453714     
   5.03859708333333        7.11249000000000      -0.101889190511193     
   5.33486750000000       2.000000000000000E-003 -0.272298461681661     
   5.33486750000000       0.298270416666667      -0.295550847227043     
   5.33486750000000       0.594540833333333      -0.318397478207036     
   5.33486750000000       0.890811250000000      -0.339359809326458     
   5.33486750000000        1.18708166666667      -0.356748170425722     
   5.33486750000000        1.48335208333333      -0.369227366922283     
   5.33486750000000        1.77962250000000      -0.375981707028796     
   5.33486750000000        2.07589291666667      -0.376365977128138     
   5.33486750000000        2.37216333333333      -0.370027389588313     
   5.33486750000000        2.66843375000000      -0.357003400976849     
   5.33486750000000        2.96470416666667      -0.339236237842722     
   5.33486750000000        3.26097458333333      -0.318376444892043     
   5.33486750000000        3.55724500000000      -0.294980223612350     
   5.33486750000000        3.85351541666667      -0.269975126186650     
   5.33486750000000        4.14978583333333      -0.245522704651899     
   5.33486750000000        4.44605625000000      -0.223417139341400     
   5.33486750000000        4.74232666666667      -0.203825856118511     
   5.33486750000000        5.03859708333333      -0.185942851378566     
   5.33486750000000        5.33486750000000      -0.169057512515811     
   5.33486750000000        5.63113791666667      -0.153450357890865     
   5.33486750000000        5.92740833333333      -0.139515423393958     
   5.33486750000000        6.22367875000000      -0.127437515583141     
   5.33486750000000        6.51994916666667      -0.117099187623492     
   5.33486750000000        6.81621958333333      -0.108064944840919     
   5.33486750000000        7.11249000000000      -9.982543140091005E-002
   5.63113791666667       2.000000000000000E-003 -0.255230554273787     
   5.63113791666667       0.298270416666667      -0.273063258430815     
   5.63113791666667       0.594540833333333      -0.289498548932420     
   5.63113791666667       0.890811250000000      -0.304303557687300     
   5.63113791666667        1.18708166666667      -0.316504076972333     
   5.63113791666667        1.48335208333333      -0.324965470425563     
   5.63113791666667        1.77962250000000      -0.329058681173697     
   5.63113791666667        2.07589291666667      -0.328355414273841     
   5.63113791666667        2.37216333333333      -0.322773411397778     
   5.63113791666667        2.66843375000000      -0.312760095614449     
   5.63113791666667        2.96470416666667      -0.299048146211027     
   5.63113791666667        3.26097458333333      -0.282231885309551     
   5.63113791666667        3.55724500000000      -0.263159457028184     
   5.63113791666667        3.85351541666667      -0.242982466898084     
   5.63113791666667        4.14978583333333      -0.223215367740879     
   5.63113791666667        4.44605625000000      -0.205039914471583     
   5.63113791666667        4.74232666666667      -0.188406318572337     
   5.63113791666667        5.03859708333333      -0.172984744289455     
   5.63113791666667        5.33486750000000      -0.158652964377156     
   5.63113791666667        5.63113791666667      -0.145511999769129     
   5.63113791666667        5.92740833333333      -0.133672878473257     
   5.63113791666667        6.22367875000000      -0.123241227625560     
   5.63113791666667        6.51994916666667      -0.113993286244649     
   5.63113791666667        6.81621958333333      -0.105467026357103     
   5.63113791666667        7.11249000000000      -9.739287890710910E-002
   5.92740833333333       2.000000000000000E-003 -0.240185776588135     
   5.92740833333333       0.298270416666667      -0.253289708823271     
   5.92740833333333       0.594540833333333      -0.263847227828865     
   5.92740833333333       0.890811250000000      -0.273432713554297     
   5.92740833333333        1.18708166666667      -0.281705375427222     
   5.92740833333333        1.48335208333333      -0.287469405701244     
   5.92740833333333        1.77962250000000      -0.289976418585287     
   5.92740833333333        2.07589291666667      -0.289011110248531     
   5.92740833333333        2.37216333333333      -0.284434846557382     
   5.92740833333333        2.66843375000000      -0.276434693039989     
   5.92740833333333        2.96470416666667      -0.265454095728826     
   5.92740833333333        3.26097458333333      -0.252026324325383     
   5.92740833333333        3.55724500000000      -0.236802171139561     
   5.92740833333333        3.85351541666667      -0.220657677120522     
   5.92740833333333        4.14978583333333      -0.204553343640587     
   5.92740833333333        4.44605625000000      -0.189183472638632     
   5.92740833333333        4.74232666666667      -0.174832918469855     
   5.92740833333333        5.03859708333333      -0.161541444223557     
   5.92740833333333        5.33486750000000      -0.149316185238656     
   5.92740833333333        5.63113791666667      -0.138119788322833     
   5.92740833333333        5.92740833333333      -0.128046037786908     
   5.92740833333333        6.22367875000000      -0.119105568144846     
   5.92740833333333        6.51994916666667      -0.110890431034903     
   5.92740833333333        6.81621958333333      -0.102688663777463     
   5.92740833333333        7.11249000000000      -9.450527051123195E-002
   6.22367875000000       2.000000000000000E-003 -0.227025121927158     
   6.22367875000000       0.298270416666667      -0.235893298789606     
   6.22367875000000       0.594540833333333      -0.241094671872145     
   6.22367875000000       0.890811250000000      -0.246838451814313     
   6.22367875000000        1.18708166666667      -0.252393096956487     
   6.22367875000000        1.48335208333333      -0.256216627243960     
   6.22367875000000        1.77962250000000      -0.257607878069535     
   6.22367875000000        2.07589291666667      -0.256458296408820     
   6.22367875000000        2.37216333333333      -0.252685861765189     
   6.22367875000000        2.66843375000000      -0.246290604414876     
   6.22367875000000        2.96470416666667      -0.237508485453904     
   6.22367875000000        3.26097458333333      -0.226725363507925     
   6.22367875000000        3.55724500000000      -0.214452431458424     
   6.22367875000000        3.85351541666667      -0.201316552634928     
   6.22367875000000        4.14978583333333      -0.187975448412900     
   6.22367875000000        4.44605625000000      -0.174975910655037     
   6.22367875000000        4.74232666666667      -0.162670273036874     
   6.22367875000000        5.03859708333333      -0.151244106145790     
   6.22367875000000        5.33486750000000      -0.140748010360928     
   6.22367875000000        5.63113791666667      -0.131148729160972     
   6.22367875000000        5.92740833333333      -0.122570164995050     
   6.22367875000000        6.22367875000000      -0.115007979282852     
   6.22367875000000        6.51994916666667      -0.107905186170463     
   6.22367875000000        6.81621958333333      -9.993022561111373E-002
   6.22367875000000        7.11249000000000      -9.111578772888361E-002
   6.51994916666667       2.000000000000000E-003 -0.214478656765272     
   6.51994916666667       0.298270416666667      -0.219205666401219     
   6.51994916666667       0.594540833333333      -0.220959686687689     
   6.51994916666667       0.890811250000000      -0.224969745649142     
   6.51994916666667        1.18708166666667      -0.228581967269180     
   6.51994916666667        1.48335208333333      -0.230609827760098     
   6.51994916666667        1.77962250000000      -0.230858078366634     
   6.51994916666667        2.07589291666667      -0.229330107416951     
   6.51994916666667        2.37216333333333      -0.225991982204592     
   6.51994916666667        2.66843375000000      -0.220758965070185     
   6.51994916666667        2.96470416666667      -0.213689979340380     
   6.51994916666667        3.26097458333333      -0.205007348267310     
   6.51994916666667        3.55724500000000      -0.195057194520888     
   6.51994916666667        3.85351541666667      -0.184280460435380     
   6.51994916666667        4.14978583333333      -0.173163161212841     
   6.51994916666667        4.44605625000000      -0.162158665332820     
   6.51994916666667        4.74232666666667      -0.151623038835849     
   6.51994916666667        5.03859708333333      -0.141795379166942     
   6.51994916666667        5.33486750000000      -0.132735070919097     
   6.51994916666667        5.63113791666667      -0.124484487776381     
   6.51994916666667        5.92740833333333      -0.117151741540580     
   6.51994916666667        6.22367875000000      -0.110758258403906     
   6.51994916666667        6.51994916666667      -0.104875077745350     
   6.51994916666667        6.81621958333333      -9.765806558146659E-002
   6.51994916666667        7.11249000000000      -8.796059140825059E-002
   6.81621958333333       2.000000000000000E-003 -0.198985985416056     
   6.81621958333333       0.298270416666667      -0.201626431872299     
   6.81621958333333       0.594540833333333      -0.205712220223561     
   6.81621958333333       0.890811250000000      -0.208606585968485     
   6.81621958333333        1.18708166666667      -0.209651163898480     
   6.81621958333333        1.48335208333333      -0.209526815651241     
   6.81621958333333        1.77962250000000      -0.208454047158463     
   6.81621958333333        2.07589291666667      -0.206378820708330     
   6.81621958333333        2.37216333333333      -0.203184005300510     
   6.81621958333333        2.66843375000000      -0.198750713374577     
   6.81621958333333        2.96470416666667      -0.192990581188254     
   6.81621958333333        3.26097458333333      -0.185973345554450     
   6.81621958333333        3.55724500000000      -0.177888980541950     
   6.81621958333333        3.85351541666667      -0.169024067724907     
   6.81621958333333        4.14978583333333      -0.159741217466584     
   6.81621958333333        4.44605625000000      -0.150421186656059     
   6.81621958333333        4.74232666666667      -0.141399664516761     
   6.81621958333333        5.03859708333333      -0.132926389866357     
   6.81621958333333        5.33486750000000      -0.125117430042637     
   6.81621958333333        5.63113791666667      -0.118070510898377     
   6.81621958333333        5.92740833333333      -0.111849412874381     
   6.81621958333333        6.22367875000000      -0.106372464931769     
   6.81621958333333        6.51994916666667      -0.101208739089497     
   6.81621958333333        6.81621958333333      -9.524234690292568E-002
   6.81621958333333        7.11249000000000      -8.695109114090549E-002
   7.11249000000000       2.000000000000000E-003 -0.179908056838945     
   7.11249000000000       0.298270416666667      -0.190600424595067     
   7.11249000000000       0.594540833333333      -0.195103281631085     
   7.11249000000000       0.890811250000000      -0.194680665361479     
   7.11249000000000        1.18708166666667      -0.192980225573863     
   7.11249000000000        1.48335208333333      -0.191054029610285     
   7.11249000000000        1.77962250000000      -0.188944612345331     
   7.11249000000000        2.07589291666667      -0.186447473563164     
   7.11249000000000        2.37216333333333      -0.183330717814513     
   7.11249000000000        2.66843375000000      -0.179492480874390     
   7.11249000000000        2.96470416666667      -0.174746850667613     
   7.11249000000000        3.26097458333333      -0.169048768857467     
   7.11249000000000        3.55724500000000      -0.162463194237553     
   7.11249000000000        3.85351541666667      -0.155154477984342     
   7.11249000000000        4.14978583333333      -0.147388964722588     
   7.11249000000000        4.44605625000000      -0.139485019449942     
   7.11249000000000        4.74232666666667      -0.131749210494623     
   7.11249000000000        5.03859708333333      -0.124431114147735     
   7.11249000000000        5.33486750000000      -0.117732072177723     
   7.11249000000000        5.63113791666667      -0.111807582560882     
   7.11249000000000        5.92740833333333      -0.106749442376498     
   7.11249000000000        6.22367875000000      -0.102461032205464     
   7.11249000000000        6.51994916666667      -9.823607701058254E-002
   7.11249000000000        6.81621958333333      -9.205149130229864E-002
   7.11249000000000        7.11249000000000      -8.431965262140191E-002
