  2.000000000000000E-003  2.000000000000000E-003 -0.346999351954931     
  2.000000000000000E-003  0.298270416666667      -0.372390859086798     
  2.000000000000000E-003  0.594540833333333      -0.381670358960923     
  2.000000000000000E-003  0.890811250000000      -0.387612708183292     
  2.000000000000000E-003   1.18708166666667      -0.389217080206866     
  2.000000000000000E-003   1.48335208333333      -0.385280387542598     
  2.000000000000000E-003   1.77962250000000      -0.375885218651950     
  2.000000000000000E-003   2.07589291666667      -0.361907465190558     
  2.000000000000000E-003   2.37216333333333      -0.344891787142405     
  2.000000000000000E-003   2.66843375000000      -0.326713732863348     
  2.000000000000000E-003   2.96470416666667      -0.306300081401484     
  2.000000000000000E-003   3.26097458333333      -0.284104062742209     
  2.000000000000000E-003   3.55724500000000      -0.261476247293761     
  2.000000000000000E-003   3.85351541666667      -0.239714565619767     
  2.000000000000000E-003   4.14978583333333      -0.219604826080292     
  2.000000000000000E-003   4.44605625000000      -0.201376147345640     
  2.000000000000000E-003   4.74232666666667      -0.184985117623945     
  2.000000000000000E-003   5.03859708333333      -0.170455053283774     
  2.000000000000000E-003   5.33486750000000      -0.157886166055483     
  2.000000000000000E-003   5.63113791666667      -0.147287339986913     
  2.000000000000000E-003   5.92740833333333      -0.138554591948975     
  2.000000000000000E-003   6.22367875000000      -0.131300956493680     
  2.000000000000000E-003   6.51994916666667      -0.124520095159291     
  2.000000000000000E-003   6.81621958333333      -0.115928056535182     
  2.000000000000000E-003   7.11249000000000      -0.105105058213617     
  0.298270416666667       2.000000000000000E-003 -0.372390848943125     
  0.298270416666667       0.298270416666667      -0.393817314876826     
  0.298270416666667       0.594540833333333      -0.412105284046582     
  0.298270416666667       0.890811250000000      -0.429535895313321     
  0.298270416666667        1.18708166666667      -0.436850102522524     
  0.298270416666667        1.48335208333333      -0.434234899515830     
  0.298270416666667        1.77962250000000      -0.423623141764774     
  0.298270416666667        2.07589291666667      -0.406485460804513     
  0.298270416666667        2.37216333333333      -0.385836302214477     
  0.298270416666667        2.66843375000000      -0.363789937303828     
  0.298270416666667        2.96470416666667      -0.338780333180463     
  0.298270416666667        3.26097458333333      -0.311583868203797     
  0.298270416666667        3.55724500000000      -0.284112194721426     
  0.298270416666667        3.85351541666667      -0.258090553912241     
  0.298270416666667        4.14978583333333      -0.234458105781368     
  0.298270416666667        4.44605625000000      -0.213393150573152     
  0.298270416666667        4.74232666666667      -0.194715157958610     
  0.298270416666667        5.03859708333333      -0.178300644354899     
  0.298270416666667        5.33486750000000      -0.164151382872271     
  0.298270416666667        5.63113791666667      -0.152182549570047     
  0.298270416666667        5.92740833333333      -0.142196465176080     
  0.298270416666667        6.22367875000000      -0.133666656054496     
  0.298270416666667        6.51994916666667      -0.125557850976750     
  0.298270416666667        6.81621958333333      -0.116915100984989     
  0.298270416666667        7.11249000000000      -0.108519100866007     
  0.594540833333333       2.000000000000000E-003 -0.381670324836254     
  0.594540833333333       0.298270416666667      -0.412105415328387     
  0.594540833333333       0.594540833333333      -0.442753261727360     
  0.594540833333333       0.890811250000000      -0.468686270557338     
  0.594540833333333        1.18708166666667      -0.481563787628880     
  0.594540833333333        1.48335208333333      -0.481243226468939     
  0.594540833333333        1.77962250000000      -0.470319103937732     
  0.594540833333333        2.07589291666667      -0.450858462924030     
  0.594540833333333        2.37216333333333      -0.427094840223281     
  0.594540833333333        2.66843375000000      -0.401183255381580     
  0.594540833333333        2.96470416666667      -0.371263425182183     
  0.594540833333333        3.26097458333333      -0.338787122057477     
  0.594540833333333        3.55724500000000      -0.306315732216709     
  0.594540833333333        3.85351541666667      -0.275965512418282     
  0.594540833333333        4.14978583333333      -0.248758803784484     
  0.594540833333333        4.44605625000000      -0.224777125366002     
  0.594540833333333        4.74232666666667      -0.203696107372873     
  0.594540833333333        5.03859708333333      -0.185248524825526     
  0.594540833333333        5.33486750000000      -0.169338418259069     
  0.594540833333333        5.63113791666667      -0.155797090848374     
  0.594540833333333        5.92740833333333      -0.144314118292631     
  0.594540833333333        6.22367875000000      -0.134336235630452     
  0.594540833333333        6.51994916666667      -0.125242155377461     
  0.594540833333333        6.81621958333333      -0.116970905283906     
  0.594540833333333        7.11249000000000      -0.108856634776115     
  0.890811250000000       2.000000000000000E-003 -0.387612493930851     
  0.890811250000000       0.298270416666667      -0.429535743322706     
  0.890811250000000       0.594540833333333      -0.468686094426559     
  0.890811250000000       0.890811250000000      -0.499931639220085     
  0.890811250000000        1.18708166666667      -0.517628420505744     
  0.890811250000000        1.48335208333333      -0.520816714964436     
  0.890811250000000        1.77962250000000      -0.510571552690731     
  0.890811250000000        2.07589291666667      -0.489588399197561     
  0.890811250000000        2.37216333333333      -0.464962193209770     
  0.890811250000000        2.66843375000000      -0.435711722963901     
  0.890811250000000        2.96470416666667      -0.401195839698622     
  0.890811250000000        3.26097458333333      -0.363809765054735     
  0.890811250000000        3.55724500000000      -0.326741812995321     
  0.890811250000000        3.85351541666667      -0.292410531187128     
  0.890811250000000        4.14978583333333      -0.261866969820260     
  0.890811250000000        4.44605625000000      -0.235088210305543     
  0.890811250000000        4.74232666666667      -0.211641182819515     
  0.890811250000000        5.03859708333333      -0.191175156838272     
  0.890811250000000        5.33486750000000      -0.173524965798346     
  0.890811250000000        5.63113791666667      -0.158493929608195     
  0.890811250000000        5.92740833333333      -0.145715856688020     
  0.890811250000000        6.22367875000000      -0.134706593084373     
  0.890811250000000        6.51994916666667      -0.125029230862442     
  0.890811250000000        6.81621958333333      -0.116323193540699     
  0.890811250000000        7.11249000000000      -0.107706405342741     
   1.18708166666667       2.000000000000000E-003 -0.389216555415303     
   1.18708166666667       0.298270416666667      -0.436849503443108     
   1.18708166666667       0.594540833333333      -0.481563174220342     
   1.18708166666667       0.890811250000000      -0.517627997485291     
   1.18708166666667        1.18708166666667      -0.540233100360594     
   1.18708166666667        1.48335208333333      -0.547315770845197     
   1.18708166666667        1.77962250000000      -0.539015764980653     
   1.18708166666667        2.07589291666667      -0.520068075523359     
   1.18708166666667        2.37216333333333      -0.496273055170551     
   1.18708166666667        2.66843375000000      -0.465001098299067     
   1.18708166666667        2.96470416666667      -0.427148407812427     
   1.18708166666667        3.26097458333333      -0.385893892893356     
   1.18708166666667        3.55724500000000      -0.344949120085355     
   1.18708166666667        3.85351541666667      -0.307087572353964     
   1.18708166666667        4.14978583333333      -0.273477313330195     
   1.18708166666667        4.44605625000000      -0.244052720553820     
   1.18708166666667        4.74232666666667      -0.218337810711546     
   1.18708166666667        5.03859708333333      -0.195976587990945     
   1.18708166666667        5.33486750000000      -0.176768541400692     
   1.18708166666667        5.63113791666667      -0.160490042595210     
   1.18708166666667        5.92740833333333      -0.146720527234373     
   1.18708166666667        6.22367875000000      -0.134935480929029     
   1.18708166666667        6.51994916666667      -0.124634598096785     
   1.18708166666667        6.81621958333333      -0.115304982655602     
   1.18708166666667        7.11249000000000      -0.106329393897872     
   1.48335208333333       2.000000000000000E-003 -0.385279480476383     
   1.48335208333333       0.298270416666667      -0.434233809511294     
   1.48335208333333       0.594540833333333      -0.481242080415460     
   1.48335208333333       0.890811250000000      -0.520815737329915     
   1.48335208333333        1.18708166666667      -0.547315201978581     
   1.48335208333333        1.48335208333333      -0.557692669933770     
   1.48335208333333        1.77962250000000      -0.553238180578300     
   1.48335208333333        2.07589291666667      -0.541091065861343     
   1.48335208333333        2.37216333333333      -0.520160751762191     
   1.48335208333333        2.66843375000000      -0.489737223170808     
   1.48335208333333        2.96470416666667      -0.451032228518902     
   1.48335208333333        3.26097458333333      -0.406616708083410     
   1.48335208333333        3.55724500000000      -0.362017068067507     
   1.48335208333333        3.85351541666667      -0.320549857619376     
   1.48335208333333        4.14978583333333      -0.283813146681719     
   1.48335208333333        4.44605625000000      -0.251640213948377     
   1.48335208333333        4.74232666666667      -0.223663343357246     
   1.48335208333333        5.03859708333333      -0.199549782475254     
   1.48335208333333        5.33486750000000      -0.179061128494058     
   1.48335208333333        5.63113791666667      -0.161839109754980     
   1.48335208333333        5.92740833333333      -0.147353121149466     
   1.48335208333333        6.22367875000000      -0.134969509507096     
   1.48335208333333        6.51994916666667      -0.124105980991658     
   1.48335208333333        6.81621958333333      -0.114271866625339     
   1.48335208333333        7.11249000000000      -0.105068185526051     
   1.77962250000000       2.000000000000000E-003 -0.375883919896476     
   1.77962250000000       0.298270416666667      -0.423621577756976     
   1.77962250000000       0.594540833333333      -0.470317433293484     
   1.77962250000000       0.890811250000000      -0.510570015135916     
   1.77962250000000        1.18708166666667      -0.539014607275056     
   1.77962250000000        1.48335208333333      -0.553237571185745     
   1.77962250000000        1.77962250000000      -0.557909096055099     
   1.77962250000000        2.07589291666667      -0.553383902968058     
   1.77962250000000        2.37216333333333      -0.539230882239178     
   1.77962250000000        2.66843375000000      -0.510844849251307     
   1.77962250000000        2.96470416666667      -0.470523786172705     
   1.77962250000000        3.26097458333333      -0.423786568208897     
   1.77962250000000        3.55724500000000      -0.376018887540401     
   1.77962250000000        3.85351541666667      -0.331605475857393     
   1.77962250000000        4.14978583333333      -0.292016079380549     
   1.77962250000000        4.44605625000000      -0.257454426006123     
   1.77962250000000        4.74232666666667      -0.227446262568835     
   1.77962250000000        5.03859708333333      -0.201764714761368     
   1.77962250000000        5.33486750000000      -0.180311239497733     
   1.77962250000000        5.63113791666667      -0.162505882695299     
   1.77962250000000        5.92740833333333      -0.147579300401216     
   1.77962250000000        6.22367875000000      -0.134782252819161     
   1.77962250000000        6.51994916666667      -0.123499026798502     
   1.77962250000000        6.81621958333333      -0.113317503576134     
   1.77962250000000        7.11249000000000      -0.103978018398650     
   2.07589291666667       2.000000000000000E-003 -0.361905818048348     
   2.07589291666667       0.298270416666667      -0.406483500385899     
   2.07589291666667       0.594540833333333      -0.450856356924490     
   2.07589291666667       0.890811250000000      -0.489586395189827     
   2.07589291666667        1.18708166666667      -0.520066392316205     
   2.07589291666667        1.48335208333333      -0.541089866326356     
   2.07589291666667        1.77962250000000      -0.553383282912049     
   2.07589291666667        2.07589291666667      -0.557989390806856     
   2.07589291666667        2.37216333333333      -0.547670127365353     
   2.07589291666667        2.66843375000000      -0.521192134713773     
   2.07589291666667        2.96470416666667      -0.481563285547937     
   2.07589291666667        3.26097458333333      -0.434459253149180     
   2.07589291666667        3.55724500000000      -0.385450686764076     
   2.07589291666667        3.85351541666667      -0.338951265926361     
   2.07589291666667        4.14978583333333      -0.297053552377981     
   2.07589291666667        4.44605625000000      -0.260451507838482     
   2.07589291666667        4.74232666666667      -0.228987361975532     
   2.07589291666667        5.03859708333333      -0.202390022347238     
   2.07589291666667        5.33486750000000      -0.180447245675096     
   2.07589291666667        5.63113791666667      -0.162427612442893     
   2.07589291666667        5.92740833333333      -0.147337200390899     
   2.07589291666667        6.22367875000000      -0.134314739669766     
   2.07589291666667        6.51994916666667      -0.122766949581048     
   2.07589291666667        6.81621958333333      -0.112385428754246     
   2.07589291666667        7.11249000000000      -0.102996309201313     
   2.37216333333333       2.000000000000000E-003 -0.344889871173806     
   2.37216333333333       0.298270416666667      -0.385834040386163     
   2.37216333333333       0.594540833333333      -0.427092397093660     
   2.37216333333333       0.890811250000000      -0.464959788986298     
   2.37216333333333        1.18708166666667      -0.496270911461639     
   2.37216333333333        1.48335208333333      -0.520159037705849     
   2.37216333333333        1.77962250000000      -0.539229687400562     
   2.37216333333333        2.07589291666667      -0.547669544032677     
   2.37216333333333        2.37216333333333      -0.540620542230473     
   2.37216333333333        2.66843375000000      -0.518039532751188     
   2.37216333333333        2.96470416666667      -0.481928800161578     
   2.37216333333333        3.26097458333333      -0.437151075242174     
   2.37216333333333        3.55724500000000      -0.389412326558369     
   2.37216333333333        3.85351541666667      -0.342452206685212     
   2.37216333333333        4.14978583333333      -0.298938489000588     
   2.37216333333333        4.44605625000000      -0.260850472074389     
   2.37216333333333        4.74232666666667      -0.228529106467732     
   2.37216333333333        5.03859708333333      -0.201550595703771     
   2.37216333333333        5.33486750000000      -0.179496820870432     
   2.37216333333333        5.63113791666667      -0.161636204390637     
   2.37216333333333        5.92740833333333      -0.146564532900433     
   2.37216333333333        6.22367875000000      -0.133447716824964     
   2.37216333333333        6.51994916666667      -0.121780211739718     
   2.37216333333333        6.81621958333333      -0.111337379516400     
   2.37216333333333        7.11249000000000      -0.102004565025825     
   2.66843375000000       2.000000000000000E-003 -0.326711638853302     
   2.66843375000000       0.298270416666667      -0.363787465808850     
   2.66843375000000       0.594540833333333      -0.401180573073986     
   2.66843375000000       0.890811250000000      -0.435709049736813     
   2.66843375000000        1.18708166666667      -0.464998650187163     
   2.66843375000000        1.48335208333333      -0.489735144701391     
   2.66843375000000        1.77962250000000      -0.510843245661712     
   2.66843375000000        2.07589291666667      -0.521191145371161     
   2.66843375000000        2.37216333333333      -0.518039138534810     
   2.66843375000000        2.66843375000000      -0.500337785076877     
   2.66843375000000        2.96470416666667      -0.469102204926740     
   2.66843375000000        3.26097458333333      -0.429874752601598     
   2.66843375000000        3.55724500000000      -0.387840657385827     
   2.66843375000000        3.85351541666667      -0.342715237907504     
   2.66843375000000        4.14978583333333      -0.298387392668597     
   2.66843375000000        4.44605625000000      -0.259669115073621     
   2.66843375000000        4.74232666666667      -0.227147912284877     
   2.66843375000000        5.03859708333333      -0.200120194160756     
   2.66843375000000        5.33486750000000      -0.178030528399807     
   2.66843375000000        5.63113791666667      -0.160225935394498     
   2.66843375000000        5.92740833333333      -0.145234350221738     
   2.66843375000000        6.22367875000000      -0.132079311496012     
   2.66843375000000        6.51994916666667      -0.120385486100907     
   2.66843375000000        6.81621958333333      -0.110008983753859     
   2.66843375000000        7.11249000000000      -0.100841070334633     
   2.96470416666667       2.000000000000000E-003 -0.306297958169510     
   2.96470416666667       0.298270416666667      -0.338777823582102     
   2.96470416666667       0.594540833333333      -0.371260696188542     
   2.96470416666667       0.890811250000000      -0.401193106850886     
   2.96470416666667        1.18708166666667      -0.427145872202091     
   2.96470416666667        1.48335208333333      -0.451029996023811     
   2.96470416666667        1.77962250000000      -0.470522024493622     
   2.96470416666667        2.07589291666667      -0.481562143833530     
   2.96470416666667        2.37216333333333      -0.481928278870079     
   2.96470416666667        2.66843375000000      -0.469102128024184     
   2.96470416666667        2.96470416666667      -0.443144402861607     
   2.96470416666667        3.26097458333333      -0.412501391907532     
   2.96470416666667        3.55724500000000      -0.381967057030193     
   2.96470416666667        3.85351541666667      -0.340387826236892     
   2.96470416666667        4.14978583333333      -0.296778641677357     
   2.96470416666667        4.44605625000000      -0.258697321800274     
   2.96470416666667        4.74232666666667      -0.226112927638920     
   2.96470416666667        5.03859708333333      -0.198759963619051     
   2.96470416666667        5.33486750000000      -0.176363477427122     
   2.96470416666667        5.63113791666667      -0.158250690381890     
   2.96470416666667        5.92740833333333      -0.143209344336595     
   2.96470416666667        6.22367875000000      -0.130043129626719     
   2.96470416666667        6.51994916666667      -0.118433366847173     
   2.96470416666667        6.81621958333333      -0.108264787661996     
   2.96470416666667        7.11249000000000      -9.938367787517359E-002
   3.26097458333333       2.000000000000000E-003 -0.284102069422435     
   3.26097458333333       0.298270416666667      -0.311581506963636     
   3.26097458333333       0.594540833333333      -0.338784551804036     
   3.26097458333333       0.890811250000000      -0.363807187412929     
   3.26097458333333        1.18708166666667      -0.385891488870149     
   3.26097458333333        1.48335208333333      -0.406614574375448     
   3.26097458333333        1.77962250000000      -0.423784886235776     
   3.26097458333333        2.07589291666667      -0.434458173186746     
   3.26097458333333        2.37216333333333      -0.437150614593121     
   3.26097458333333        2.66843375000000      -0.429874794078503     
   3.26097458333333        2.96470416666667      -0.412501663102657     
   3.26097458333333        3.26097458333333      -0.394371786242444     
   3.26097458333333        3.55724500000000      -0.372668676785030     
   3.26097458333333        3.85351541666667      -0.334456482625377     
   3.26097458333333        4.14978583333333      -0.297255418415347     
   3.26097458333333        4.44605625000000      -0.259626071339338     
   3.26097458333333        4.74232666666667      -0.225499895635818     
   3.26097458333333        5.03859708333333      -0.196905545806016     
   3.26097458333333        5.33486750000000      -0.173859602463139     
   3.26097458333333        5.63113791666667      -0.155393600216933     
   3.26097458333333        5.92740833333333      -0.140181438422769     
   3.26097458333333        6.22367875000000      -0.127099657002517     
   3.26097458333333        6.51994916666667      -0.115746185224552     
   3.26097458333333        6.81621958333333      -0.105964489939018     
   3.26097458333333        7.11249000000000      -9.750600758394973E-002
   3.55724500000000       2.000000000000000E-003 -0.261474507999402     
   3.55724500000000       0.298270416666667      -0.284110126736839     
   3.55724500000000       0.594540833333333      -0.306313477860627     
   3.55724500000000       0.890811250000000      -0.326739551727049     
   3.55724500000000        1.18708166666667      -0.344947012896677     
   3.55724500000000        1.48335208333333      -0.362015207329068     
   3.55724500000000        1.77962250000000      -0.376017445943231     
   3.55724500000000        2.07589291666667      -0.385449776234226     
   3.55724500000000        2.37216333333333      -0.389411938069862     
   3.55724500000000        2.66843375000000      -0.387840651841066     
   3.55724500000000        2.96470416666667      -0.381967219607417     
   3.55724500000000        3.26097458333333      -0.372668828485711     
   3.55724500000000        3.55724500000000      -0.347286949578030     
   3.55724500000000        3.85351541666667      -0.333149314681568     
   3.55724500000000        4.14978583333333      -0.300450733249609     
   3.55724500000000        4.44605625000000      -0.259072579083436     
   3.55724500000000        4.74232666666667      -0.222111204430999     
   3.55724500000000        5.03859708333333      -0.192324661514140     
   3.55724500000000        5.33486750000000      -0.169057826972053     
   3.55724500000000        5.63113791666667      -0.150735440353206     
   3.55724500000000        5.92740833333333      -0.135741499032015     
   3.55724500000000        6.22367875000000      -0.123034187141676     
   3.55724500000000        6.51994916666667      -0.112200077650353     
   3.55724500000000        6.81621958333333      -0.103015319776776     
   3.55724500000000        7.11249000000000      -9.511304711806874E-002
   3.85351541666667       2.000000000000000E-003 -0.239713147508571     
   3.85351541666667       0.298270416666667      -0.258088856645592     
   3.85351541666667       0.594540833333333      -0.275963655219248     
   3.85351541666667       0.890811250000000      -0.292408666434964     
   3.85351541666667        1.18708166666667      -0.307085842040014     
   3.85351541666667        1.48335208333333      -0.320548354487154     
   3.85351541666667        1.77962250000000      -0.331604326722995     
   3.85351541666667        2.07589291666667      -0.338950542902863     
   3.85351541666667        2.37216333333333      -0.342451849529708     
   3.85351541666667        2.66843375000000      -0.342715043670272     
   3.85351541666667        2.96470416666667      -0.340387534744481     
   3.85351541666667        3.26097458333333      -0.334456051236878     
   3.85351541666667        3.55724500000000      -0.333148722887485     
   3.85351541666667        3.85351541666667      -0.322908651812407     
   3.85351541666667        4.14978583333333      -0.288772488981836     
   3.85351541666667        4.44605625000000      -0.247560220228125     
   3.85351541666667        4.74232666666667      -0.211320879022692     
   3.85351541666667        5.03859708333333      -0.182687700773967     
   3.85351541666667        5.33486750000000      -0.160738695173156     
   3.85351541666667        5.63113791666667      -0.143662797677993     
   3.85351541666667        5.92740833333333      -0.129679875036276     
   3.85351541666667        6.22367875000000      -0.117813135550949     
   3.85351541666667        6.51994916666667      -0.107820532888826     
   3.85351541666667        6.81621958333333      -9.943931168086398E-002
   3.85351541666667        7.11249000000000      -9.219744064938834E-002
   4.14978583333333       2.000000000000000E-003 -0.219603737235915     
   4.14978583333333       0.298270416666667      -0.234456790160868     
   4.14978583333333       0.594540833333333      -0.248757354273077     
   4.14978583333333       0.890811250000000      -0.261865508816378     
   4.14978583333333        1.18708166666667      -0.273475961555515     
   4.14978583333333        1.48335208333333      -0.283811991927015     
   4.14978583333333        1.77962250000000      -0.292015209516659     
   4.14978583333333        2.07589291666667      -0.297052999998713     
   4.14978583333333        2.37216333333333      -0.298938177233504     
   4.14978583333333        2.66843375000000      -0.298387142086864     
   4.14978583333333        2.96470416666667      -0.296778270054636     
   4.14978583333333        3.26097458333333      -0.297254855714079     
   4.14978583333333        3.55724500000000      -0.300449912227769     
   4.14978583333333        3.85351541666667      -0.288771876588437     
   4.14978583333333        4.14978583333333      -0.258848386954043     
   4.14978583333333        4.44605625000000      -0.224046948145274     
   4.14978583333333        4.74232666666667      -0.192960889481937     
   4.14978583333333        5.03859708333333      -0.168195608060078     
   4.14978583333333        5.33486750000000      -0.149231820362720     
   4.14978583333333        5.63113791666667      -0.134527514482343     
   4.14978583333333        5.92740833333333      -0.122286279433210     
   4.14978583333333        6.22367875000000      -0.111696949291739     
   4.14978583333333        6.51994916666667      -0.102832507687604     
   4.14978583333333        6.81621958333333      -9.540534939314572E-002
   4.14978583333333        7.11249000000000      -8.887197380582744E-002
   4.44605625000000       2.000000000000000E-003 -0.201375356378743     
   4.44605625000000       0.298270416666667      -0.213392183820083     
   4.44605625000000       0.594540833333333      -0.224776049630320     
   4.44605625000000       0.890811250000000      -0.235087117107462     
   4.44605625000000        1.18708166666667      -0.244051705322864     
   4.44605625000000        1.48335208333333      -0.251639356008194     
   4.44605625000000        1.77962250000000      -0.257453783990139     
   4.44605625000000        2.07589291666667      -0.260451094523269     
   4.44605625000000        2.37216333333333      -0.260850220129653     
   4.44605625000000        2.66843375000000      -0.259668893774508     
   4.44605625000000        2.96470416666667      -0.258696993208473     
   4.44605625000000        3.26097458333333      -0.259625532041167     
   4.44605625000000        3.55724500000000      -0.259071811130730     
   4.44605625000000        3.85351541666667      -0.247559498510901     
   4.44605625000000        4.14978583333333      -0.224046594487182     
   4.44605625000000        4.44605625000000      -0.196626987910621     
   4.44605625000000        4.74232666666667      -0.171738481933150     
   4.44605625000000        5.03859708333333      -0.151707527455521     
   4.44605625000000        5.33486750000000      -0.136441872174917     
   4.44605625000000        5.63113791666667      -0.124683857238144     
   4.44605625000000        5.92740833333333      -0.114275633452932     
   4.44605625000000        6.22367875000000      -0.105188826735686     
   4.44605625000000        6.51994916666667      -9.760471077011601E-002
   4.44605625000000        6.81621958333333      -9.117424613048804E-002
   4.44605625000000        7.11249000000000      -8.532434737733711E-002
   4.74232666666667       2.000000000000000E-003 -0.184984582659518     
   4.74232666666667       0.298270416666667      -0.194714494287592     
   4.74232666666667       0.594540833333333      -0.203695357689695     
   4.74232666666667       0.890811250000000      -0.211640409281138     
   4.74232666666667        1.18708166666667      -0.218337081725934     
   4.74232666666667        1.48335208333333      -0.223662720146873     
   4.74232666666667        1.77962250000000      -0.227445791744581     
   4.74232666666667        2.07589291666667      -0.228987050060848     
   4.74232666666667        2.37216333333333      -0.228528902184368     
   4.74232666666667        2.66843375000000      -0.227147720981590     
   4.74232666666667        2.96470416666667      -0.226112641668315     
   4.74232666666667        3.26097458333333      -0.225499433549708     
   4.74232666666667        3.55724500000000      -0.222110577425738     
   4.74232666666667        3.85351541666667      -0.211320250619928     
   4.74232666666667        4.14978583333333      -0.192960460134960     
   4.74232666666667        4.44605625000000      -0.171738305985921     
   4.74232666666667        4.74232666666667      -0.152202844400484     
   4.74232666666667        5.03859708333333      -0.136453174474900     
   4.74232666666667        5.33486750000000      -0.124667586063508     
   4.74232666666667        5.63113791666667      -0.115237808255648     
   4.74232666666667        5.92740833333333      -0.106414397359304     
   4.74232666666667        6.22367875000000      -9.882820555967112E-002
   4.74232666666667        6.51994916666667      -9.249891976290329E-002
   4.74232666666667        6.81621958333333      -8.698635619690605E-002
   4.74232666666667        7.11249000000000      -8.173686568362039E-002
   5.03859708333333       2.000000000000000E-003 -0.170454741879311     
   5.03859708333333       0.298270416666667      -0.178300246296704     
   5.03859708333333       0.594540833333333      -0.185248061012717     
   5.03859708333333       0.890811250000000      -0.191174661617998     
   5.03859708333333        1.18708166666667      -0.195976104641052     
   5.03859708333333        1.48335208333333      -0.199549352753160     
   5.03859708333333        1.77962250000000      -0.201764371600454     
   5.03859708333333        2.07589291666667      -0.202389779337189     
   5.03859708333333        2.37216333333333      -0.201550420339319     
   5.03859708333333        2.66843375000000      -0.200120020525751     
   5.03859708333333        2.96470416666667      -0.198759716346288     
   5.03859708333333        3.26097458333333      -0.196905174837635     
   5.03859708333333        3.55724500000000      -0.192324183619987     
   5.03859708333333        3.85351541666667      -0.182687213750483     
   5.03859708333333        4.14978583333333      -0.168195231600731     
   5.03859708333333        4.44605625000000      -0.151707315161145     
   5.03859708333333        4.74232666666667      -0.136453100279150     
   5.03859708333333        5.03859708333333      -0.124270980381831     
   5.03859708333333        5.33486750000000      -0.115095868022297     
   5.03859708333333        5.63113791666667      -0.106682045281768     
   5.03859708333333        5.92740833333333      -9.921763360886804E-002
   5.03859708333333        6.22367875000000      -9.295550862754544E-002
   5.03859708333333        6.51994916666667      -8.769384678545834E-002
   5.03859708333333        6.81621958333333      -8.296007601688322E-002
   5.03859708333333        7.11249000000000      -7.823455775553510E-002
   5.33486750000000       2.000000000000000E-003 -0.157886027964088     
   5.33486750000000       0.298270416666667      -0.164151197668046     
   5.33486750000000       0.594540833333333      -0.169338190634106     
   5.33486750000000       0.890811250000000      -0.173524710820189     
   5.33486750000000        1.18708166666667      -0.176768275271392     
   5.33486750000000        1.48335208333333      -0.179060866983574     
   5.33486750000000        1.77962250000000      -0.180311005559742     
   5.33486750000000        2.07589291666667      -0.180447052399768     
   5.33486750000000        2.37216333333333      -0.179496659710038     
   5.33486750000000        2.66843375000000      -0.178030360990393     
   5.33486750000000        2.96470416666667      -0.176363257635557     
   5.33486750000000        3.26097458333333      -0.173859303176539     
   5.33486750000000        3.55724500000000      -0.169057464402364     
   5.33486750000000        3.85351541666667      -0.160738329608315     
   5.33486750000000        4.14978583333333      -0.149231525753125     
   5.33486750000000        4.44605625000000      -0.136441689762321     
   5.33486750000000        4.74232666666667      -0.124667509765711     
   5.33486750000000        5.03859708333333      -0.115095856656608     
   5.33486750000000        5.33486750000000      -0.106627010800423     
   5.33486750000000        5.63113791666667      -9.917235469269525E-002
   5.33486750000000        5.92740833333333      -9.283974116956364E-002
   5.33486750000000        6.22367875000000      -8.764781130842510E-002
   5.33486750000000        6.51994916666667      -8.328765079982854E-002
   5.33486750000000        6.81621958333333      -7.922902707852446E-002
   5.33486750000000        7.11249000000000      -7.500743501079894E-002
   5.63113791666667       2.000000000000000E-003 -0.147287316459175     
   5.63113791666667       0.298270416666667      -0.152182507312859     
   5.63113791666667       0.594540833333333      -0.155797026878921     
   5.63113791666667       0.890811250000000      -0.158493849403332     
   5.63113791666667        1.18708166666667      -0.160489947686484     
   5.63113791666667        1.48335208333333      -0.161838995428895     
   5.63113791666667        1.77962250000000      -0.162505745178498     
   5.63113791666667        2.07589291666667      -0.162427467467371     
   5.63113791666667        2.37216333333333      -0.161636056093510     
   5.63113791666667        2.66843375000000      -0.160225770418506     
   5.63113791666667        2.96470416666667      -0.158250486857907     
   5.63113791666667        3.26097458333333      -0.155393347333460     
   5.63113791666667        3.55724500000000      -0.150735153611716     
   5.63113791666667        3.85351541666667      -0.143662519665834     
   5.63113791666667        4.14978583333333      -0.134527295433334     
   5.63113791666667        4.44605625000000      -0.124683730149641     
   5.63113791666667        4.74232666666667      -0.115237768272959     
   5.63113791666667        5.03859708333333      -0.106682061901469     
   5.63113791666667        5.33486750000000      -9.917238718576064E-002
   5.63113791666667        5.63113791666667      -9.271194473519516E-002
   5.63113791666667        5.92740833333333      -8.736707422815614E-002
   5.63113791666667        6.22367875000000      -8.308843035382865E-002
   5.63113791666667        6.51994916666667      -7.948654733578976E-002
   5.63113791666667        6.81621958333333      -7.599570274387035E-002
   5.63113791666667        7.11249000000000      -7.220511317298185E-002
   5.92740833333333       2.000000000000000E-003 -0.138554631812633     
   5.92740833333333       0.298270416666667      -0.142196495748235     
   5.92740833333333       0.594540833333333      -0.144314140048656     
   5.92740833333333       0.890811250000000      -0.145715874657707     
   5.92740833333333        1.18708166666667      -0.146720535082905     
   5.92740833333333        1.48335208333333      -0.147353104661706     
   5.92740833333333        1.77962250000000      -0.147579242703596     
   5.92740833333333        2.07589291666667      -0.147337097885913     
   5.92740833333333        2.37216333333333      -0.146564403885609     
   5.92740833333333        2.66843375000000      -0.145234197338146     
   5.92740833333333        2.96470416666667      -0.143209162550905     
   5.92740833333333        3.26097458333333      -0.140181227880768     
   5.92740833333333        3.55724500000000      -0.135741275334957     
   5.92740833333333        3.85351541666667      -0.129679669530470     
   5.92740833333333        4.14978583333333      -0.122286127164108     
   5.92740833333333        4.44605625000000      -0.114275557160730     
   5.92740833333333        4.74232666666667      -0.106414399154211     
   5.92740833333333        5.03859708333333      -9.921769827981765E-002
   5.92740833333333        5.33486750000000      -9.283984269269011E-002
   5.92740833333333        5.63113791666667      -8.736715309945321E-002
   5.92740833333333        5.92740833333333      -8.293573546621597E-002
   5.92740833333333        6.22367875000000      -7.943688619562321E-002
   5.92740833333333        6.51994916666667      -7.644534133893341E-002
   5.92740833333333        6.81621958333333      -7.336800367282892E-002
   5.92740833333333        7.11249000000000      -6.985748385940405E-002
   6.22367875000000       2.000000000000000E-003 -0.131301040821877     
   6.22367875000000       0.298270416666667      -0.133666707091636     
   6.22367875000000       0.594540833333333      -0.134336282105215     
   6.22367875000000       0.890811250000000      -0.134706648843785     
   6.22367875000000        1.18708166666667      -0.134935530205639     
   6.22367875000000        1.48335208333333      -0.134969533335969     
   6.22367875000000        1.77962250000000      -0.134782236195463     
   6.22367875000000        2.07589291666667      -0.134314670409089     
   6.22367875000000        2.37216333333333      -0.133447610709233     
   6.22367875000000        2.66843375000000      -0.132079182487343     
   6.22367875000000        2.96470416666667      -0.130042981720731     
   6.22367875000000        3.26097458333333      -0.127099494693999     
   6.22367875000000        3.55724500000000      -0.123034023250330     
   6.22367875000000        3.85351541666667      -0.117812992716744     
   6.22367875000000        4.14978583333333      -0.111696853466029     
   6.22367875000000        4.44605625000000      -0.105188797716082     
   6.22367875000000        4.74232666666667      -9.882825162631841E-002
   6.22367875000000        5.03859708333333      -9.295563018169757E-002
   6.22367875000000        5.33486750000000      -8.764798941513900E-002
   6.22367875000000        5.63113791666667      -8.308860173310562E-002
   6.22367875000000        5.92740833333333      -7.943699198939147E-002
   6.22367875000000        6.22367875000000      -7.661128580640707E-002
   6.22367875000000        6.51994916666667      -7.416457191494484E-002
   6.22367875000000        6.81621958333333      -7.132863090755835E-002
   6.22367875000000        7.11249000000000      -6.783032967239293E-002
   6.51994916666667       2.000000000000000E-003 -0.124520240345398     
   6.51994916666667       0.298270416666667      -0.125557907892154     
   6.51994916666667       0.594540833333333      -0.125242212383261     
   6.51994916666667       0.890811250000000      -0.125029301041328     
   6.51994916666667        1.18708166666667      -0.124634653246053     
   6.51994916666667        1.48335208333333      -0.124106004386426     
   6.51994916666667        1.77962250000000      -0.123499015726933     
   6.51994916666667        2.07589291666667      -0.122766902117802     
   6.51994916666667        2.37216333333333      -0.121780133277336     
   6.51994916666667        2.66843375000000      -0.120385394609557     
   6.51994916666667        2.96470416666667      -0.118433270035680     
   6.51994916666667        3.26097458333333      -0.115746087758274     
   6.51994916666667        3.55724500000000      -0.112199987206706     
   6.51994916666667        3.85351541666667      -0.107820463080578     
   6.51994916666667        4.14978583333333      -0.102832475957264     
   6.51994916666667        4.44605625000000      -9.760473349978477E-002
   6.51994916666667        4.74232666666667      -9.249900948700950E-002
   6.51994916666667        5.03859708333333      -8.769401761618544E-002
   6.51994916666667        5.33486750000000      -8.328788170099495E-002
   6.51994916666667        5.63113791666667      -7.948678779286746E-002
   6.51994916666667        5.92740833333333      -7.644554070181540E-002
   6.51994916666667        6.22367875000000      -7.416468448139081E-002
   6.51994916666667        6.51994916666667      -7.226123453638450E-002
   6.51994916666667        6.81621958333333      -6.966746314879668E-002
   6.51994916666667        7.11249000000000      -6.590869656607018E-002
   6.81621958333333       2.000000000000000E-003 -0.115928265616807     
   6.81621958333333       0.298270416666667      -0.116915214776884     
   6.81621958333333       0.594540833333333      -0.116971003655701     
   6.81621958333333       0.890811250000000      -0.116323280822995     
   6.81621958333333        1.18708166666667      -0.115305032409435     
   6.81621958333333        1.48335208333333      -0.114271874034291     
   6.81621958333333        1.77962250000000      -0.113317481882629     
   6.81621958333333        2.07589291666667      -0.112385390940429     
   6.81621958333333        2.37216333333333      -0.111337331692855     
   6.81621958333333        2.66843375000000      -0.110008938494155     
   6.81621958333333        2.96470416666667      -0.108264752319056     
   6.81621958333333        3.26097458333333      -0.105964467236223     
   6.81621958333333        3.55724500000000      -0.103015311258572     
   6.81621958333333        3.85351541666667      -9.943932138645466E-002
   6.81621958333333        4.14978583333333      -9.540538559351300E-002
   6.81621958333333        4.44605625000000      -9.117432004492991E-002
   6.81621958333333        4.74232666666667      -8.698648059369000E-002
   6.81621958333333        5.03859708333333      -8.296026678107379E-002
   6.81621958333333        5.33486750000000      -7.922927064330691E-002
   6.81621958333333        5.63113791666667      -7.599596462196802E-002
   6.81621958333333        5.92740833333333      -7.336824583709503E-002
   6.81621958333333        6.22367875000000      -7.132881367838291E-002
   6.81621958333333        6.51994916666667      -6.966755584841434E-002
   6.81621958333333        6.81621958333333      -6.741718713543271E-002
   6.81621958333333        7.11249000000000      -6.359064509628734E-002
   7.11249000000000       2.000000000000000E-003 -0.105105275850402     
   7.11249000000000       0.298270416666667      -0.108519246227087     
   7.11249000000000       0.594540833333333      -0.108856746389209     
   7.11249000000000       0.890811250000000      -0.107706497412029     
   7.11249000000000        1.18708166666667      -0.106329438958764     
   7.11249000000000        1.48335208333333      -0.105068182338661     
   7.11249000000000        1.77962250000000      -0.103977989663812     
   7.11249000000000        2.07589291666667      -0.102996279066556     
   7.11249000000000        2.37216333333333      -0.102004545352823     
   7.11249000000000        2.66843375000000      -0.100841067539726     
   7.11249000000000        2.96470416666667      -9.938369729911040E-002
   7.11249000000000        3.26097458333333      -9.750604975587988E-002
   7.11249000000000        3.55724500000000      -9.511310841032307E-002
   7.11249000000000        3.85351541666667      -9.219751708567958E-002
   7.11249000000000        4.14978583333333      -8.887206545255676E-002
   7.11249000000000        4.44605625000000      -8.532445950766780E-002
   7.11249000000000        4.74232666666667      -8.173700746456092E-002
   7.11249000000000        5.03859708333333      -7.823474058166027E-002
   7.11249000000000        5.33486750000000      -7.500765389064236E-002
   7.11249000000000        5.63113791666667      -7.220534949213155E-002
   7.11249000000000        5.92740833333333      -6.985771118258695E-002
   7.11249000000000        6.22367875000000      -6.783051611634713E-002
   7.11249000000000        6.51994916666667      -6.590881544232496E-002
   7.11249000000000        6.81621958333333      -6.359070892794988E-002
   7.11249000000000        7.11249000000000      -5.966601635353488E-002
