  2.000000000000000E-003  2.000000000000000E-003  -2.01479515094798     
  2.000000000000000E-003  0.298270416666667       -1.88261243078812     
  2.000000000000000E-003  0.594540833333333       -1.62449604607588     
  2.000000000000000E-003  0.890811250000000       -1.26358222938128     
  2.000000000000000E-003   1.18708166666667      -0.956244671149790     
  2.000000000000000E-003   1.48335208333333      -0.734142346917128     
  2.000000000000000E-003   1.77962250000000      -0.577315308053536     
  2.000000000000000E-003   2.07589291666667      -0.464973539919630     
  2.000000000000000E-003   2.37216333333333      -0.383006399378228     
  2.000000000000000E-003   2.66843375000000      -0.322034421981763     
  2.000000000000000E-003   2.96470416666667      -0.276142754461975     
  2.000000000000000E-003   3.26097458333333      -0.240970317253894     
  2.000000000000000E-003   3.55724500000000      -0.213169796691636     
  2.000000000000000E-003   3.85351541666667      -0.190353514089934     
  2.000000000000000E-003   4.14978583333333      -0.171019207478790     
  2.000000000000000E-003   4.44605625000000      -0.154347268967006     
  2.000000000000000E-003   4.74232666666667      -0.139913190897554     
  2.000000000000000E-003   5.03859708333333      -0.127432143151575     
  2.000000000000000E-003   5.33486750000000      -0.116611073043445     
  2.000000000000000E-003   5.63113791666667      -0.107201245349169     
  2.000000000000000E-003   5.92740833333333      -9.895178620161874E-002
  2.000000000000000E-003   6.22367875000000      -9.157974663116783E-002
  2.000000000000000E-003   6.51994916666667      -8.474741111805398E-002
  2.000000000000000E-003   6.81621958333333      -7.784183846377063E-002
  2.000000000000000E-003   7.11249000000000      -7.033662503051552E-002
  0.298270416666667       2.000000000000000E-003  -1.88261227270528     
  0.298270416666667       0.298270416666667       -1.78761801584578     
  0.298270416666667       0.594540833333333       -1.53156784888776     
  0.298270416666667       0.890811250000000       -1.20312394997731     
  0.298270416666667        1.18708166666667      -0.922401006518585     
  0.298270416666667        1.48335208333333      -0.715030886238837     
  0.298270416666667        1.77962250000000      -0.565980716187666     
  0.298270416666667        2.07589291666667      -0.457888476354459     
  0.298270416666667        2.37216333333333      -0.378327563354689     
  0.298270416666667        2.66843375000000      -0.318824419497997     
  0.298270416666667        2.96470416666667      -0.273871540857430     
  0.298270416666667        3.26097458333333      -0.239309825006057     
  0.298270416666667        3.55724500000000      -0.211912734221386     
  0.298270416666667        3.85351541666667      -0.189369199458055     
  0.298270416666667        4.14978583333333      -0.170227135404684     
  0.298270416666667        4.44605625000000      -0.153696428558180     
  0.298270416666667        4.74232666666667      -0.139367100074291     
  0.298270416666667        5.03859708333333      -0.126961425865493     
  0.298270416666667        5.33486750000000      -0.116194296565259     
  0.298270416666667        5.63113791666667      -0.106819496928371     
  0.298270416666667        5.92740833333333      -9.859393903992865E-002
  0.298270416666667        6.22367875000000      -9.124145315728976E-002
  0.298270416666667        6.51994916666667      -8.438416643626985E-002
  0.298270416666667        6.81621958333333      -7.721863419037336E-002
  0.298270416666667        7.11249000000000      -6.965170721654682E-002
  0.594540833333333       2.000000000000000E-003  -1.62449584500966     
  0.594540833333333       0.298270416666667       -1.53156765679972     
  0.594540833333333       0.594540833333333       -1.31039310989190     
  0.594540833333333       0.890811250000000       -1.05734276532564     
  0.594540833333333        1.18708166666667      -0.836336230472191     
  0.594540833333333        1.48335208333333      -0.664321924355241     
  0.594540833333333        1.77962250000000      -0.535006843569448     
  0.594540833333333        2.07589291666667      -0.438102931026167     
  0.594540833333333        2.37216333333333      -0.365120916976629     
  0.594540833333333        2.66843375000000      -0.309706676659943     
  0.594540833333333        2.96470416666667      -0.267395014025459     
  0.594540833333333        3.26097458333333      -0.234560642839261     
  0.594540833333333        3.55724500000000      -0.208308676811787     
  0.594540833333333        3.85351541666667      -0.186543548650763     
  0.594540833333333        4.14978583333333      -0.167951743350582     
  0.594540833333333        4.44605625000000      -0.151824723002211     
  0.594540833333333        4.74232666666667      -0.137794317038164     
  0.594540833333333        5.03859708333333      -0.125601511156873     
  0.594540833333333        5.33486750000000      -0.114982967591349     
  0.594540833333333        5.63113791666667      -0.105695269710762     
  0.594540833333333        5.92740833333333      -9.749679382726843E-002
  0.594540833333333        6.22367875000000      -9.007431168058529E-002
  0.594540833333333        6.51994916666667      -8.289711603670823E-002
  0.594540833333333        6.81621958333333      -7.520897166289028E-002
  0.594540833333333        7.11249000000000      -6.796732520575079E-002
  0.890811250000000       2.000000000000000E-003  -1.26358232113001     
  0.890811250000000       0.298270416666667       -1.20312400294168     
  0.890811250000000       0.594540833333333       -1.05734284301597     
  0.890811250000000       0.890811250000000      -0.886019487365586     
  0.890811250000000        1.18708166666667      -0.727760410252495     
  0.890811250000000        1.48335208333333      -0.596095764052886     
  0.890811250000000        1.77962250000000      -0.491255044557483     
  0.890811250000000        2.07589291666667      -0.409235273554512     
  0.890811250000000        2.37216333333333      -0.345430747124729     
  0.890811250000000        2.66843375000000      -0.295971541372838     
  0.890811250000000        2.96470416666667      -0.257578236265400     
  0.890811250000000        3.26097458333333      -0.227332564598288     
  0.890811250000000        3.55724500000000      -0.202807034269591     
  0.890811250000000        3.85351541666667      -0.182220799680659     
  0.890811250000000        4.14978583333333      -0.164463967437833     
  0.890811250000000        4.44605625000000      -0.148948701345656     
  0.890811250000000        4.74232666666667      -0.135371133642659     
  0.890811250000000        5.03859708333333      -0.123505368969752     
  0.890811250000000        5.33486750000000      -0.113110462134905     
  0.890811250000000        5.63113791666667      -0.103953173177231     
  0.890811250000000        5.92740833333333      -9.579016276422180E-002
  0.890811250000000        6.22367875000000      -8.830503270782787E-002
  0.890811250000000        6.51994916666667      -8.106193051318637E-002
  0.890811250000000        6.81621958333333      -7.379668724882488E-002
  0.890811250000000        7.11249000000000      -6.729387350515585E-002
   1.18708166666667       2.000000000000000E-003 -0.956245012591128     
   1.18708166666667       0.298270416666667      -0.922401324511751     
   1.18708166666667       0.594540833333333      -0.836336478571307     
   1.18708166666667       0.890811250000000      -0.727760536050444     
   1.18708166666667        1.18708166666667      -0.619705624232385     
   1.18708166666667        1.48335208333333      -0.523331925735506     
   1.18708166666667        1.77962250000000      -0.442005967374631     
   1.18708166666667        2.07589291666667      -0.375410435822972     
   1.18708166666667        2.37216333333333      -0.321812143557122     
   1.18708166666667        2.66843375000000      -0.279232255909032     
   1.18708166666667        2.96470416666667      -0.245473403702854     
   1.18708166666667        3.26097458333333      -0.218347607050952     
   1.18708166666667        3.55724500000000      -0.195936228418469     
   1.18708166666667        3.85351541666667      -0.176808760298102     
   1.18708166666667        4.14978583333333      -0.160088856711799     
   1.18708166666667        4.44605625000000      -0.145332693830439     
   1.18708166666667        4.74232666666667      -0.132316082710727     
   1.18708166666667        5.03859708333333      -0.120859087454830     
   1.18708166666667        5.33486750000000      -0.110749226378351     
   1.18708166666667        5.63113791666667      -0.101775042415573     
   1.18708166666667        5.92740833333333      -9.371849663524429E-002
   1.18708166666667        6.22367875000000      -8.632325766715615E-002
   1.18708166666667        6.51994916666667      -7.932590324886765E-002
   1.18708166666667        6.81621958333333      -7.266310374722099E-002
   1.18708166666667        7.11249000000000      -6.669593240264089E-002
   1.48335208333333       2.000000000000000E-003 -0.734142795884364     
   1.48335208333333       0.298270416666667      -0.715031331365128     
   1.48335208333333       0.594540833333333      -0.664322278941863     
   1.48335208333333       0.890811250000000      -0.596095983882880     
   1.48335208333333        1.18708166666667      -0.523332020665553     
   1.48335208333333        1.48335208333333      -0.454267780752914     
   1.48335208333333        1.77962250000000      -0.392814980948671     
   1.48335208333333        2.07589291666667      -0.340260517750278     
   1.48335208333333        2.37216333333333      -0.296565781465262     
   1.48335208333333        2.66843375000000      -0.260885927741072     
   1.48335208333333        2.96470416666667      -0.231916975961727     
   1.48335208333333        3.26097458333333      -0.208187073945542     
   1.48335208333333        3.55724500000000      -0.188129527994789     
   1.48335208333333        3.85351541666667      -0.170651710393287     
   1.48335208333333        4.14978583333333      -0.155099843805964     
   1.48335208333333        4.44605625000000      -0.141205260920048     
   1.48335208333333        4.74232666666667      -0.128824960226295     
   1.48335208333333        5.03859708333333      -0.117830862993912     
   1.48335208333333        5.33486750000000      -0.108058456668277     
   1.48335208333333        5.63113791666667      -9.932306917111067E-002
   1.48335208333333        5.92740833333333      -9.145361120790049E-002
   1.48335208333333        6.22367875000000      -8.426957775970705E-002
   1.48335208333333        6.51994916666667      -7.760593554816445E-002
   1.48335208333333        6.81621958333333      -7.141022451268421E-002
   1.48335208333333        7.11249000000000      -6.579394422224942E-002
   1.77962250000000       2.000000000000000E-003 -0.577315790751532     
   1.77962250000000       0.298270416666667      -0.565981211059781     
   1.77962250000000       0.594540833333333      -0.535007260739521     
   1.77962250000000       0.890811250000000      -0.491255339870842     
   1.77962250000000        1.18708166666667      -0.442006146399388     
   1.77962250000000        1.48335208333333      -0.392815065899120     
   1.77962250000000        1.77962250000000      -0.346999351954931     
   1.77962250000000        2.07589291666667      -0.306289277780583     
   1.77962250000000        2.37216333333333      -0.271263413513788     
   1.77962250000000        2.66843375000000      -0.242094092670523     
   1.77962250000000        2.96470416666667      -0.217961657963959     
   1.77962250000000        3.26097458333333      -0.197633698865722     
   1.77962250000000        3.55724500000000      -0.179973286113475     
   1.77962250000000        3.85351541666667      -0.164157822590571     
   1.77962250000000        4.14978583333333      -0.149803908285982     
   1.77962250000000        4.44605625000000      -0.136775103163520     
   1.77962250000000        4.74232666666667      -0.125044205738056     
   1.77962250000000        5.03859708333333      -0.114547364423236     
   1.77962250000000        5.33486750000000      -0.105138583214453     
   1.77962250000000        5.63113791666667      -9.668862145295666E-002
   1.77962250000000        5.92740833333333      -8.906770650002642E-002
   1.77962250000000        6.22367875000000      -8.215220953518142E-002
   1.77962250000000        6.51994916666667      -7.581556492672431E-002
   1.77962250000000        6.81621958333333      -6.997938230863378E-002
   1.77962250000000        7.11249000000000      -6.463548898700237E-002
   2.07589291666667       2.000000000000000E-003 -0.464974069900963     
   2.07589291666667       0.298270416666667      -0.457889032316282     
   2.07589291666667       0.594540833333333      -0.438103426637459     
   2.07589291666667       0.890811250000000      -0.409235660775869     
   2.07589291666667        1.18708166666667      -0.375410710659290     
   2.07589291666667        1.48335208333333      -0.340260700178729     
   2.07589291666667        1.77962250000000      -0.306289380525820     
   2.07589291666667        2.07589291666667      -0.274965992921216     
   2.07589291666667        2.37216333333333      -0.247591686341045     
   2.07589291666667        2.66843375000000      -0.224364094484450     
   2.07589291666667        2.96470416666667      -0.204659676645346     
   2.07589291666667        3.26097458333333      -0.187473660259447     
   2.07589291666667        3.55724500000000      -0.171973803159425     
   2.07589291666667        3.85351541666667      -0.157700107376183     
   2.07589291666667        4.14978583333333      -0.144481272814992     
   2.07589291666667        4.44605625000000      -0.132282144207210     
   2.07589291666667        4.74232666666667      -0.121148780740859     
   2.07589291666667        5.03859708333333      -0.111100600132125     
   2.07589291666667        5.33486750000000      -0.102060253428508     
   2.07589291666667        5.63113791666667      -9.391272347700719E-002
   2.07589291666667        5.92740833333333      -8.657564996374603E-002
   2.07589291666667        6.22367875000000      -7.995343040962430E-002
   2.07589291666667        6.51994916666667      -7.393129594734615E-002
   2.07589291666667        6.81621958333333      -6.840693336672016E-002
   2.07589291666667        7.11249000000000      -6.330748075955867E-002
   2.37216333333333       2.000000000000000E-003 -0.383006986853160     
   2.37216333333333       0.298270416666667      -0.378328185461688     
   2.37216333333333       0.594540833333333      -0.365121493635871     
   2.37216333333333       0.890811250000000      -0.345431229307920     
   2.37216333333333        1.18708166666667      -0.321812525630629     
   2.37216333333333        1.48335208333333      -0.296566086690023     
   2.37216333333333        1.77962250000000      -0.271263662094723     
   2.37216333333333        2.07589291666667      -0.247591832100522     
   2.37216333333333        2.37216333333333      -0.226633382085328     
   2.37216333333333        2.66843375000000      -0.208527670498465     
   2.37216333333333        2.96470416666667      -0.192724923309465     
   2.37216333333333        3.26097458333333      -0.178236827286469     
   2.37216333333333        3.55724500000000      -0.164460549235110     
   2.37216333333333        3.85351541666667      -0.151475843587269     
   2.37216333333333        4.14978583333333      -0.139295815174371     
   2.37216333333333        4.44605625000000      -0.127834266205801     
   2.37216333333333        4.74232666666667      -0.117210435857732     
   2.37216333333333        5.03859708333333      -0.107551151975601     
   2.37216333333333        5.33486750000000      -9.885141251483635E-002
   2.37216333333333        5.63113791666667      -9.102076641994648E-002
   2.37216333333333        5.92740833333333      -8.398102848634693E-002
   2.37216333333333        6.22367875000000      -7.765940995076355E-002
   2.37216333333333        6.51994916666667      -7.194544332495845E-002
   2.37216333333333        6.81621958333333      -6.671273003216764E-002
   2.37216333333333        7.11249000000000      -6.185965012459795E-002
   2.66843375000000       2.000000000000000E-003 -0.322035035576220     
   2.66843375000000       0.298270416666667      -0.318825079298629     
   2.66843375000000       0.594540833333333      -0.309707310982937     
   2.66843375000000       0.890811250000000      -0.295972104258988     
   2.66843375000000        1.18708166666667      -0.279232743617830     
   2.66843375000000        1.48335208333333      -0.260886372750738     
   2.66843375000000        1.77962250000000      -0.242094500331096     
   2.66843375000000        2.07589291666667      -0.224364393848472     
   2.66843375000000        2.37216333333333      -0.208527822665304     
   2.66843375000000        2.66843375000000      -0.194794552404060     
   2.66843375000000        2.96470416666667      -0.182543784168471     
   2.66843375000000        3.26097458333333      -0.170288599855225     
   2.66843375000000        3.55724500000000      -0.157527982191934     
   2.66843375000000        3.85351541666667      -0.145549060845792     
   2.66843375000000        4.14978583333333      -0.134331187636833     
   2.66843375000000        4.44605625000000      -0.123423928333144     
   2.66843375000000        4.74232666666667      -0.113168944653995     
   2.66843375000000        5.03859708333333      -0.103851242773519     
   2.66843375000000        5.33486750000000      -9.549155156969072E-002
   2.66843375000000        5.63113791666667      -8.800186241757023E-002
   2.66843375000000        5.92740833333333      -8.128753657513811E-002
   2.66843375000000        6.22367875000000      -7.527515136527799E-002
   2.66843375000000        6.51994916666667      -6.985746002641620E-002
   2.66843375000000        6.81621958333333      -6.489751681666994E-002
   2.66843375000000        7.11249000000000      -6.027857257083875E-002
   2.96470416666667       2.000000000000000E-003 -0.276143342172836     
   2.96470416666667       0.298270416666667      -0.273872186150322     
   2.96470416666667       0.594540833333333      -0.267395657970463     
   2.96470416666667       0.890811250000000      -0.257578839685479     
   2.96470416666667        1.18708166666667      -0.245473967111986     
   2.96470416666667        1.48335208333333      -0.231917544477698     
   2.96470416666667        1.77962250000000      -0.217962190170118     
   2.96470416666667        2.07589291666667      -0.204660100681757     
   2.96470416666667        2.37216333333333      -0.192725209362208     
   2.96470416666667        2.66843375000000      -0.182543926671229     
   2.96470416666667        2.96470416666667      -0.173622788092859     
   2.96470416666667        3.26097458333333      -0.163579870604919     
   2.96470416666667        3.55724500000000      -0.151102449651028     
   2.96470416666667        3.85351541666667      -0.140030310316043     
   2.96470416666667        4.14978583333333      -0.129515143422139     
   2.96470416666667        4.44605625000000      -0.118813151631499     
   2.96470416666667        4.74232666666667      -0.108840463477183     
   2.96470416666667        5.03859708333333      -9.990337119724081E-002
   2.96470416666667        5.33486750000000      -9.193279381283564E-002
   2.96470416666667        5.63113791666667      -8.482090895142276E-002
   2.96470416666667        5.92740833333333      -7.847292671850113E-002
   2.96470416666667        6.22367875000000      -7.278535462572401E-002
   2.96470416666667        6.51994916666667      -6.766260412313807E-002
   2.96470416666667        6.81621958333333      -6.296667278349934E-002
   2.96470416666667        7.11249000000000      -5.857726327708204E-002
   3.26097458333333       2.000000000000000E-003 -0.240970824200376     
   3.26097458333333       0.298270416666667      -0.239310398378010     
   3.26097458333333       0.594540833333333      -0.234561238882147     
   3.26097458333333       0.890811250000000      -0.227333152786153     
   3.26097458333333        1.18708166666667      -0.218348191783922     
   3.26097458333333        1.48335208333333      -0.208187697102812     
   3.26097458333333        1.77962250000000      -0.197634293169342     
   3.26097458333333        2.07589291666667      -0.187474160547453     
   3.26097458333333        2.37216333333333      -0.178237219384112     
   3.26097458333333        2.66843375000000      -0.170288881329818     
   3.26097458333333        2.96470416666667      -0.163580022988947     
   3.26097458333333        3.26097458333333      -0.155989784710473     
   3.26097458333333        3.55724500000000      -0.144443014879255     
   3.26097458333333        3.85351541666667      -0.134619208046344     
   3.26097458333333        4.14978583333333      -0.123908722960165     
   3.26097458333333        4.44605625000000      -0.113400452317775     
   3.26097458333333        4.74232666666667      -0.104025537595325     
   3.26097458333333        5.03859708333333      -9.567229504810033E-002
   3.26097458333333        5.33486750000000      -8.818027361761815E-002
   3.26097458333333        5.63113791666667      -8.148025110382448E-002
   3.26097458333333        5.92740833333333      -7.551406727483159E-002
   3.26097458333333        6.22367875000000      -7.015820032263950E-002
   3.26097458333333        6.51994916666667      -6.532648252688630E-002
   3.26097458333333        6.81621958333333      -6.088774636908675E-002
   3.26097458333333        7.11249000000000      -5.672599054372162E-002
   3.55724500000000       2.000000000000000E-003 -0.213170190591022     
   3.55724500000000       0.298270416666667      -0.211913199076139     
   3.55724500000000       0.594540833333333      -0.208309182761185     
   3.55724500000000       0.890811250000000      -0.202807558550424     
   3.55724500000000        1.18708166666667      -0.195936776108037     
   3.55724500000000        1.48335208333333      -0.188130134190501     
   3.55724500000000        1.77962250000000      -0.179973872672548     
   3.55724500000000        2.07589291666667      -0.171974321289544     
   3.55724500000000        2.37216333333333      -0.164461002888998     
   3.55724500000000        2.66843375000000      -0.157528385316135     
   3.55724500000000        2.96470416666667      -0.151102788636035     
   3.55724500000000        3.26097458333333      -0.144443239667722     
   3.55724500000000        3.55724500000000      -0.135558722940996     
   3.55724500000000        3.85351541666667      -0.126866054364189     
   3.55724500000000        4.14978583333333      -0.116250513100992     
   3.55724500000000        4.44605625000000      -0.107083986679175     
   3.55724500000000        4.74232666666667      -9.887813782704649E-002
   3.55724500000000        5.03859708333333      -9.129236731817277E-002
   3.55724500000000        5.33486750000000      -8.431987522591509E-002
   3.55724500000000        5.63113791666667      -7.801636401300630E-002
   3.55724500000000        5.92740833333333      -7.241072144435698E-002
   3.55724500000000        6.22367875000000      -6.737128377266624E-002
   3.55724500000000        6.51994916666667      -6.281643045335814E-002
   3.55724500000000        6.81621958333333      -5.862390981463339E-002
   3.55724500000000        7.11249000000000      -5.468711850021869E-002
   3.85351541666667       2.000000000000000E-003 -0.190353793012134     
   3.85351541666667       0.298270416666667      -0.189369549080409     
   3.85351541666667       0.594540833333333      -0.186543950006460     
   3.85351541666667       0.890811250000000      -0.182221235145847     
   3.85351541666667        1.18708166666667      -0.176809231123423     
   3.85351541666667        1.48335208333333      -0.170652243264992     
   3.85351541666667        1.77962250000000      -0.164158350544816     
   3.85351541666667        2.07589291666667      -0.157700585436692     
   3.85351541666667        2.37216333333333      -0.151476280726334     
   3.85351541666667        2.66843375000000      -0.145549469424152     
   3.85351541666667        2.96470416666667      -0.140030660713325     
   3.85351541666667        3.26097458333333      -0.134619421753479     
   3.85351541666667        3.55724500000000      -0.126866140408886     
   3.85351541666667        3.85351541666667      -0.117911879322472     
   3.85351541666667        4.14978583333333      -0.108608052175988     
   3.85351541666667        4.44605625000000      -0.100998742388500     
   3.85351541666667        4.74232666666667      -9.386424798231968E-002
   3.85351541666667        5.03859708333333      -8.695316778692488E-002
   3.85351541666667        5.33486750000000      -8.043320649923451E-002
   3.85351541666667        5.63113791666667      -7.448114161498841E-002
   3.85351541666667        5.92740833333333      -6.918148779795659E-002
   3.85351541666667        6.22367875000000      -6.442626405733617E-002
   3.85351541666667        6.51994916666667      -6.012554775754186E-002
   3.85351541666667        6.81621958333333      -5.616424520984506E-002
   3.85351541666667        7.11249000000000      -5.244803202554797E-002
   4.14978583333333       2.000000000000000E-003 -0.171019390743855     
   4.14978583333333       0.298270416666667      -0.170227384116032     
   4.14978583333333       0.594540833333333      -0.167952047107887     
   4.14978583333333       0.890811250000000      -0.164464312210152     
   4.14978583333333        1.18708166666667      -0.160089237650810     
   4.14978583333333        1.48335208333333      -0.155100278656141     
   4.14978583333333        1.77962250000000      -0.149804348121326     
   4.14978583333333        2.07589291666667      -0.144481670265857     
   4.14978583333333        2.37216333333333      -0.139296162835112     
   4.14978583333333        2.66843375000000      -0.134331472256953     
   4.14978583333333        2.96470416666667      -0.129515317275824     
   4.14978583333333        3.26097458333333      -0.123908774620512     
   4.14978583333333        3.55724500000000      -0.116250577799335     
   4.14978583333333        3.85351541666667      -0.108608118429982     
   4.14978583333333        4.14978583333333      -0.101862802016948     
   4.14978583333333        4.44605625000000      -9.548057605291713E-002
   4.14978583333333        4.74232666666667      -8.905800855496188E-002
   4.14978583333333        5.03859708333333      -8.265386013444259E-002
   4.14978583333333        5.33486750000000      -7.651720369682981E-002
   4.14978583333333        5.63113791666667      -7.087287232836745E-002
   4.14978583333333        5.92740833333333      -6.584441931502501E-002
   4.14978583333333        6.22367875000000      -6.134595233163997E-002
   4.14978583333333        6.51994916666667      -5.727674471498553E-002
   4.14978583333333        6.81621958333333      -5.353186474380210E-002
   4.14978583333333        7.11249000000000      -5.003154983352561E-002
   4.44605625000000       2.000000000000000E-003 -0.154347375296005     
   4.44605625000000       0.298270416666667      -0.153696590446334     
   4.44605625000000       0.594540833333333      -0.151824938295061     
   4.44605625000000       0.890811250000000      -0.148948960814025     
   4.44605625000000        1.18708166666667      -0.145332988391418     
   4.44605625000000        1.48335208333333      -0.141205590993575     
   4.44605625000000        1.77962250000000      -0.136775449789525     
   4.44605625000000        2.07589291666667      -0.132282452928076     
   4.44605625000000        2.37216333333333      -0.127834511345423     
   4.44605625000000        2.66843375000000      -0.123424082820064     
   4.44605625000000        2.96470416666667      -0.118813183156971     
   4.44605625000000        3.26097458333333      -0.113400386639785     
   4.44605625000000        3.55724500000000      -0.107083928117890     
   4.44605625000000        3.85351541666667      -0.100998724822857     
   4.44605625000000        4.14978583333333      -9.548056797076637E-002
   4.44605625000000        4.44605625000000      -8.993643761967574E-002
   4.44605625000000        4.74232666666667      -8.412912422832468E-002
   4.44605625000000        5.03859708333333      -7.822228887459091E-002
   4.44605625000000        5.33486750000000      -7.248147903198812E-002
   4.44605625000000        5.63113791666667      -6.716142529840397E-002
   4.44605625000000        5.92740833333333      -6.241289937627702E-002
   4.44605625000000        6.22367875000000      -5.816017859510880E-002
   4.44605625000000        6.51994916666667      -5.430636804557288E-002
   4.44605625000000        6.81621958333333      -5.076769341259432E-002
   4.44605625000000        7.11249000000000      -4.748059440391412E-002
   4.74232666666667       2.000000000000000E-003 -0.139913217372994     
   4.74232666666667       0.298270416666667      -0.139367168620990     
   4.74232666666667       0.594540833333333      -0.137794437146546     
   4.74232666666667       0.890811250000000      -0.135371304557097     
   4.74232666666667        1.18708166666667      -0.132316294714240     
   4.74232666666667        1.48335208333333      -0.128825201402506     
   4.74232666666667        1.77962250000000      -0.125044463704615     
   4.74232666666667        2.07589291666667      -0.121149012044877     
   4.74232666666667        2.37216333333333      -0.117210606238710     
   4.74232666666667        2.66843375000000      -0.113169028907393     
   4.74232666666667        2.96470416666667      -0.108840447615182     
   4.74232666666667        3.26097458333333      -0.104025448737935     
   4.74232666666667        3.55724500000000      -9.887804319656446E-002
   4.74232666666667        3.85351541666667      -9.386419167791515E-002
   4.74232666666667        4.14978583333333      -8.905798934277205E-002
   4.74232666666667        4.44605625000000      -8.412912450452854E-002
   4.74232666666667        4.74232666666667      -7.892093265775899E-002
   4.74232666666667        5.03859708333333      -7.355435846229488E-002
   4.74232666666667        5.33486750000000      -6.826559793012101E-002
   4.74232666666667        5.63113791666667      -6.333728764295864E-002
   4.74232666666667        5.92740833333333      -5.890159532438642E-002
   4.74232666666667        6.22367875000000      -5.488795738629851E-002
   4.74232666666667        6.51994916666667      -5.123811540169469E-002
   4.74232666666667        6.81621958333333      -4.790158928403632E-002
   4.74232666666667        7.11249000000000      -4.483015066624663E-002
   5.03859708333333       2.000000000000000E-003 -0.127432064483508     
   5.03859708333333       0.298270416666667      -0.126961371648247     
   5.03859708333333       0.594540833333333      -0.125601507596299     
   5.03859708333333       0.890811250000000      -0.123505435472299     
   5.03859708333333        1.18708166666667      -0.120859214561506     
   5.03859708333333        1.48335208333333      -0.117831028118479     
   5.03859708333333        1.77962250000000      -0.114547542842385     
   5.03859708333333        2.07589291666667      -0.111100764895632     
   5.03859708333333        2.37216333333333      -0.107551271410189     
   5.03859708333333        2.66843375000000      -0.103851299248417     
   5.03859708333333        2.96470416666667      -9.990336306551241E-002
   5.03859708333333        3.26097458333333      -9.567224408988965E-002
   5.03859708333333        3.55724500000000      -9.129231375390880E-002
   5.03859708333333        3.85351541666667      -8.695314184914846E-002
   5.03859708333333        4.14978583333333      -8.265386485634922E-002
   5.03859708333333        4.44605625000000      -7.822230830764262E-002
   5.03859708333333        4.74232666666667      -7.355437315327079E-002
   5.03859708333333        5.03859708333333      -6.872109028543175E-002
   5.03859708333333        5.33486750000000      -6.392977756977598E-002
   5.03859708333333        5.63113791666667      -5.945342904283576E-002
   5.03859708333333        5.92740833333333      -5.531837368933024E-002
   5.03859708333333        6.22367875000000      -5.151830324049684E-002
   5.03859708333333        6.51994916666667      -4.805611489494748E-002
   5.03859708333333        6.81621958333333      -4.492844107525893E-002
   5.03859708333333        7.11249000000000      -4.208430956916773E-002
   5.33486750000000       2.000000000000000E-003 -0.116610906865572     
   5.33486750000000       0.298270416666667      -0.116194142738739     
   5.33486750000000       0.594540833333333      -0.114982867179593     
   5.33486750000000       0.890811250000000      -0.113110437048244     
   5.33486750000000        1.18708166666667      -0.110749272130648     
   5.33486750000000        1.48335208333333      -0.108058556605078     
   5.33486750000000        1.77962250000000      -0.105138701816286     
   5.33486750000000        2.07589291666667      -0.102060361016371     
   5.33486750000000        2.37216333333333      -9.885148905088713E-002
   5.33486750000000        2.66843375000000      -9.549158912142779E-002
   5.33486750000000        2.96470416666667      -9.193279864228855E-002
   5.33486750000000        3.26097458333333      -8.818026424880344E-002
   5.33486750000000        3.55724500000000      -8.431987447854056E-002
   5.33486750000000        3.85351541666667      -8.043322827970051E-002
   5.33486750000000        4.14978583333333      -7.651724354964651E-002
   5.33486750000000        4.44605625000000      -7.248151992278948E-002
   5.33486750000000        4.74232666666667      -6.826562191694271E-002
   5.33486750000000        5.03859708333333      -6.392978177073909E-002
   5.33486750000000        5.33486750000000      -5.966630288489776E-002
   5.33486750000000        5.63113791666667      -5.555860542659973E-002
   5.33486750000000        5.92740833333333      -5.165194587529087E-002
   5.33486750000000        6.22367875000000      -4.804491071635690E-002
   5.33486750000000        6.51994916666667      -4.477845002814779E-002
   5.33486750000000        6.81621958333333      -4.185231236543895E-002
   5.33486750000000        7.11249000000000      -3.922741622265328E-002
   5.63113791666667       2.000000000000000E-003 -0.107201014045356     
   5.63113791666667       0.298270416666667      -0.106819271153999     
   5.63113791666667       0.594540833333333      -0.105695107692468     
   5.63113791666667       0.890811250000000      -0.103953106727824     
   5.63113791666667        1.18708166666667      -0.101775060423857     
   5.63113791666667        1.48335208333333      -9.932313142871595E-002
   5.63113791666667        1.77962250000000      -9.668869932623961E-002
   5.63113791666667        2.07589291666667      -9.391279160246410E-002
   5.63113791666667        2.37216333333333      -9.102080816894705E-002
   5.63113791666667        2.66843375000000      -8.800187639869114E-002
   5.63113791666667        2.96470416666667      -8.482090949986348E-002
   5.63113791666667        3.26097458333333      -8.148025652241310E-002
   5.63113791666667        3.55724500000000      -7.801638799299726E-002
   5.63113791666667        3.85351541666667      -7.448118393477701E-002
   5.63113791666667        4.14978583333333      -7.087291925749682E-002
   5.63113791666667        4.44605625000000      -6.716145425911747E-002
   5.63113791666667        4.74232666666667      -6.333729715104826E-002
   5.63113791666667        5.03859708333333      -5.945343088428955E-002
   5.63113791666667        5.33486750000000      -5.555861066084258E-002
   5.63113791666667        5.63113791666667      -5.169407051137603E-002
   5.63113791666667        5.92740833333333      -4.799040203430639E-002
   5.63113791666667        6.22367875000000      -4.453527442388536E-002
   5.63113791666667        6.51994916666667      -4.139769335630907E-002
   5.63113791666667        6.81621958333333      -3.861302928019944E-002
   5.63113791666667        7.11249000000000      -3.616463382654065E-002
   5.92740833333333       2.000000000000000E-003 -9.895153385280499E-002
   5.92740833333333       0.298270416666667      -9.859368292642151E-002
   5.92740833333333       0.594540833333333      -9.749660912387244E-002
   5.92740833333333       0.890811250000000      -9.579008606967580E-002
   5.92740833333333        1.18708166666667      -9.371851443497195E-002
   5.92740833333333        1.48335208333333      -9.145367673919073E-002
   5.92740833333333        1.77962250000000      -8.906776892656040E-002
   5.92740833333333        2.07589291666667      -8.657569767494981E-002
   5.92740833333333        2.37216333333333      -8.398105328280993E-002
   5.92740833333333        2.66843375000000      -8.128753865391213E-002
   5.92740833333333        2.96470416666667      -7.847291731776503E-002
   5.92740833333333        3.26097458333333      -7.551406240759212E-002
   5.92740833333333        3.55724500000000      -7.241073130617805E-002
   5.92740833333333        3.85351541666667      -6.918151018887324E-002
   5.92740833333333        4.14978583333333      -6.584444295537446E-002
   5.92740833333333        4.44605625000000      -6.241291432991745E-002
   5.92740833333333        4.74232666666667      -5.890160218777193E-002
   5.92740833333333        5.03859708333333      -5.531838528526047E-002
   5.92740833333333        5.33486750000000      -5.165197792256305E-002
   5.92740833333333        5.63113791666667      -4.799043182705726E-002
   5.92740833333333        5.92740833333333      -4.441526991381246E-002
   5.92740833333333        6.22367875000000      -4.099611626972746E-002
   5.92740833333333        6.51994916666667      -3.784075191837440E-002
   5.92740833333333        6.81621958333333      -3.506331300984833E-002
   5.92740833333333        7.11249000000000      -3.270727719933516E-002
   6.22367875000000       2.000000000000000E-003 -9.157950316517047E-002
   6.22367875000000       0.298270416666667      -9.124119599493627E-002
   6.22367875000000       0.594540833333333      -9.007415074527134E-002
   6.22367875000000       0.890811250000000      -8.830498288658499E-002
   6.22367875000000        1.18708166666667      -8.632328736214787E-002
   6.22367875000000        1.48335208333333      -8.426965005735372E-002
   6.22367875000000        1.77962250000000      -8.215227861403426E-002
   6.22367875000000        2.07589291666667      -7.995347522926610E-002
   6.22367875000000        2.37216333333333      -7.765943643746123E-002
   6.22367875000000        2.66843375000000      -7.527516162177517E-002
   6.22367875000000        2.96470416666667      -7.278535754899977E-002
   6.22367875000000        3.26097458333333      -7.015820767782341E-002
   6.22367875000000        3.55724500000000      -6.737130261817785E-002
   6.22367875000000        3.85351541666667      -6.442629236948964E-002
   6.22367875000000        4.14978583333333      -6.134598167052184E-002
   6.22367875000000        4.44605625000000      -5.816020236711766E-002
   6.22367875000000        4.74232666666667      -5.488797931454649E-002
   6.22367875000000        5.03859708333333      -5.151834206777930E-002
   6.22367875000000        5.33486750000000      -4.804497882973911E-002
   6.22367875000000        5.63113791666667      -4.453534255227175E-002
   6.22367875000000        5.92740833333333      -4.099615998864781E-002
   6.22367875000000        6.22367875000000      -3.745716882358478E-002
   6.22367875000000        6.51994916666667      -3.405329029711021E-002
   6.22367875000000        6.81621958333333      -3.104099921534738E-002
   6.22367875000000        7.11249000000000      -2.862772344672197E-002
   6.51994916666667       2.000000000000000E-003 -8.474713639502407E-002
   6.51994916666667       0.298270416666667      -8.438387843209799E-002
   6.51994916666667       0.594540833333333      -8.289700512877449E-002
   6.51994916666667       0.890811250000000      -8.106193880616702E-002
   6.51994916666667        1.18708166666667      -7.932595220801286E-002
   6.51994916666667        1.48335208333333      -7.760600461798435E-002
   6.51994916666667        1.77962250000000      -7.581563592298524E-002
   6.51994916666667        2.07589291666667      -7.393134646109931E-002
   6.51994916666667        2.37216333333333      -7.194548368487147E-002
   6.51994916666667        2.66843375000000      -6.985749168154608E-002
   6.51994916666667        2.96470416666667      -6.766263306644275E-002
   6.51994916666667        3.26097458333333      -6.532651661887376E-002
   6.51994916666667        3.55724500000000      -6.281647393770221E-002
   6.51994916666667        3.85351541666667      -6.012559851659240E-002
   6.51994916666667        4.14978583333333      -5.727679615754981E-002
   6.51994916666667        4.44605625000000      -5.430641589402302E-002
   6.51994916666667        4.74232666666667      -5.123816499114884E-002
   6.51994916666667        5.03859708333333      -4.805618673171761E-002
   6.51994916666667        5.33486750000000      -4.477854632638197E-002
   6.51994916666667        5.63113791666667      -4.139779490116545E-002
   6.51994916666667        5.92740833333333      -3.784084688374313E-002
   6.51994916666667        6.22367875000000      -3.405336617655774E-002
   6.51994916666667        6.51994916666667      -3.015803847323733E-002
   6.51994916666667        6.81621958333333      -2.666149456469458E-002
   6.51994916666667        7.11249000000000      -2.409080987170900E-002
   6.81621958333333       2.000000000000000E-003 -7.784157143466731E-002
   6.81621958333333       0.298270416666667      -7.721838452260110E-002
   6.81621958333333       0.594540833333333      -7.520893928619803E-002
   6.81621958333333       0.890811250000000      -7.379675250245692E-002
   6.81621958333333        1.18708166666667      -7.266316510381869E-002
   6.81621958333333        1.48335208333333      -7.141028148136366E-002
   6.81621958333333        1.77962250000000      -6.997944531531362E-002
   6.81621958333333        2.07589291666667      -6.840698946816515E-002
   6.81621958333333        2.37216333333333      -6.671278538151874E-002
   6.81621958333333        2.66843375000000      -6.489757063394341E-002
   6.81621958333333        2.96470416666667      -6.296672758220868E-002
   6.81621958333333        3.26097458333333      -6.088780657132034E-002
   6.81621958333333        3.55724500000000      -5.862397805602249E-002
   6.81621958333333        3.85351541666667      -5.616432086084989E-002
   6.81621958333333        4.14978583333333      -5.353194339811356E-002
   6.81621958333333        4.44605625000000      -5.076777173540711E-002
   6.81621958333333        4.74232666666667      -4.790167011401382E-002
   6.81621958333333        5.03859708333333      -4.492853524538241E-002
   6.81621958333333        5.33486750000000      -4.185242620885218E-002
   6.81621958333333        5.63113791666667      -3.861315886562054E-002
   6.81621958333333        5.92740833333333      -3.506346663575034E-002
   6.81621958333333        6.22367875000000      -3.104119443331864E-002
   6.81621958333333        6.51994916666667      -2.666168645414967E-002
   6.81621958333333        6.81621958333333      -2.272964924276513E-002
   6.81621958333333        7.11249000000000      -2.015788349404218E-002
   7.11249000000000       2.000000000000000E-003 -7.033646771583352E-002
   7.11249000000000       0.298270416666667      -6.965160589374168E-002
   7.11249000000000       0.594540833333333      -6.796733452569045E-002
   7.11249000000000       0.890811250000000      -6.729394613817653E-002
   7.11249000000000        1.18708166666667      -6.669598671763743E-002
   7.11249000000000        1.48335208333333      -6.579398715291113E-002
   7.11249000000000        1.77962250000000      -6.463554156197926E-002
   7.11249000000000        2.07589291666667      -6.330753703366089E-002
   7.11249000000000        2.37216333333333      -6.185971251042982E-002
   7.11249000000000        2.66843375000000      -6.027863800807676E-002
   7.11249000000000        2.96470416666667      -5.857733234259345E-002
   7.11249000000000        3.26097458333333      -5.672606594409246E-002
   7.11249000000000        3.55724500000000      -5.468720271643718E-002
   7.11249000000000        3.85351541666667      -5.244812667587587E-002
   7.11249000000000        4.14978583333333      -5.003165267123471E-002
   7.11249000000000        4.44605625000000      -4.748070195079621E-002
   7.11249000000000        4.74232666666667      -4.483026030366395E-002
   7.11249000000000        5.03859708333333      -4.208441960020521E-002
   7.11249000000000        5.33486750000000      -3.922754504666345E-002
   7.11249000000000        5.63113791666667      -3.616479312195223E-002
   7.11249000000000        5.92740833333333      -3.270749117651529E-002
   7.11249000000000        6.22367875000000      -2.862803665010167E-002
   7.11249000000000        6.51994916666667      -2.409120347960857E-002
   7.11249000000000        6.81621958333333      -2.015807586139460E-002
   7.11249000000000        7.11249000000000      -1.668952045096431E-002
